"","Table 4AU1# Real Manufacturing Inventories, by Stage of Fabricat","F2","F3","F4","F5","F6","F7","F8","F9","F10","F11","F12","F13","F14","F15","F16","F17","F18","F19","F20","F21","F22","F23","F24","F25","F26","F27","F28","F29","F30","F31","F32","F33","F34","F35","F36","F37","F38","F39","F40","F41","F42","F43","F44","F45","F46","F47","F48","F49","F50","F51","F52","F53","F54","F55","F56","F57","F58","F59","F60","F61","F62","F63","F64","F65","F66","F67","F68","F69","F70","F71","F72","F73","F74","F75","F76","F77","F78","F79","F80","F81","F82","F83","F84","F85","F86","F87","F88","F89","F90","F91","F92","F93","F94","F95","F96","F97","F98","F99","F100","F101","F102","F103","F104","F105","F106","F107","F108","F109","F110","F111","F112","F113","F114","F115","F116","F117","F118","F119","F120","F121","F122","F123","F124","F125","F126","F127","F128","F129","F130","F131","F132","F133","F134","F135","F136","F137","F138","F139","F140","F141","F142","F143","F144","F145","F146","F147","F148","F149","F150","F151","F152","F153","F154","F155","F156","F157","F158","F159","F160","F161","F162","F163","F164","F165","F166","F167","F168","F169","F170","F171","F172","F173","F174","F175","F176","F177","F178","F179","F180","F181","F182","F183","F184","F185","F186","F187","F188","F189","F190","F191","F192","F193","F194","F195","F196","F197","F198","F199","F200","F201","F202","F203","F204","F205","F206","F207"
"1","[Millions of chained (2000) dollars; seasonally adjusted, end of period]                                                                                                                                                                                  ",NA,NA,NA,NA,NA,NA,NA,NA,NA,NA,NA,NA,NA,NA,NA,NA,NA,NA,NA,NA,NA,NA,NA,NA,NA,NA,NA,NA,NA,NA,NA,NA,NA,NA,NA,NA,NA,NA,NA,NA,NA,NA,NA,NA,NA,NA,NA,NA,NA,NA,NA,NA,NA,NA,NA,NA,NA,NA,NA,NA,NA,NA,NA,NA,NA,NA,NA,NA,NA,NA,NA,NA,NA,NA,NA,NA,NA,NA,NA,NA,NA,NA,NA,NA,NA,NA,NA,NA,NA,NA,NA,NA,NA,NA,NA,NA,NA,NA,NA,NA,NA,NA,NA,NA,NA,NA,NA,NA,NA,NA,NA,NA,NA,NA,NA,NA,NA,NA,NA,NA,NA,NA,NA,NA,NA,NA,NA,NA,NA,NA,NA,NA,NA,NA,NA,NA,NA,NA,NA,NA,NA,NA,NA,NA,NA,NA,NA,NA,NA,NA,NA,NA,NA,NA,NA,NA,NA,NA,NA,NA,NA,NA,NA,NA,NA,NA,NA,NA,NA,NA,NA,NA,NA,NA,NA,NA,NA,NA,NA,NA,NA,NA,NA,NA,NA,NA,NA,NA,NA,NA,NA,NA,NA,NA,NA,NA,NA,NA,NA,NA,NA,NA,NA,NA,NA,NA
"2","Monthly data from 1967 To 1997",NA,NA,NA,NA,NA,NA,NA,NA,NA,NA,NA,NA,NA,NA,NA,NA,NA,NA,NA,NA,NA,NA,NA,NA,NA,NA,NA,NA,NA,NA,NA,NA,NA,NA,NA,NA,NA,NA,NA,NA,NA,NA,NA,NA,NA,NA,NA,NA,NA,NA,NA,NA,NA,NA,NA,NA,NA,NA,NA,NA,NA,NA,NA,NA,NA,NA,NA,NA,NA,NA,NA,NA,NA,NA,NA,NA,NA,NA,NA,NA,NA,NA,NA,NA,NA,NA,NA,NA,NA,NA,NA,NA,NA,NA,NA,NA,NA,NA,NA,NA,NA,NA,NA,NA,NA,NA,NA,NA,NA,NA,NA,NA,NA,NA,NA,NA,NA,NA,NA,NA,NA,NA,NA,NA,NA,NA,NA,NA,NA,NA,NA,NA,NA,NA,NA,NA,NA,NA,NA,NA,NA,NA,NA,NA,NA,NA,NA,NA,NA,NA,NA,NA,NA,NA,NA,NA,NA,NA,NA,NA,NA,NA,NA,NA,NA,NA,NA,NA,NA,NA,NA,NA,NA,NA,NA,NA,NA,NA,NA,NA,NA,NA,NA,NA,NA,NA,NA,NA,NA,NA,NA,NA,NA,NA,NA,NA,NA,NA,NA,NA,NA,NA,NA,NA,NA,NA
"3","Bureau of Economic Analysis",NA,NA,NA,NA,NA,NA,NA,NA,NA,NA,NA,NA,NA,NA,NA,NA,NA,NA,NA,NA,NA,NA,NA,NA,NA,NA,NA,NA,NA,NA,NA,NA,NA,NA,NA,NA,NA,NA,NA,NA,NA,NA,NA,NA,NA,NA,NA,NA,NA,NA,NA,NA,NA,NA,NA,NA,NA,NA,NA,NA,NA,NA,NA,NA,NA,NA,NA,NA,NA,NA,NA,NA,NA,NA,NA,NA,NA,NA,NA,NA,NA,NA,NA,NA,NA,NA,NA,NA,NA,NA,NA,NA,NA,NA,NA,NA,NA,NA,NA,NA,NA,NA,NA,NA,NA,NA,NA,NA,NA,NA,NA,NA,NA,NA,NA,NA,NA,NA,NA,NA,NA,NA,NA,NA,NA,NA,NA,NA,NA,NA,NA,NA,NA,NA,NA,NA,NA,NA,NA,NA,NA,NA,NA,NA,NA,NA,NA,NA,NA,NA,NA,NA,NA,NA,NA,NA,NA,NA,NA,NA,NA,NA,NA,NA,NA,NA,NA,NA,NA,NA,NA,NA,NA,NA,NA,NA,NA,NA,NA,NA,NA,NA,NA,NA,NA,NA,NA,NA,NA,NA,NA,NA,NA,NA,NA,NA,NA,NA,NA,NA,NA,NA,NA,NA,NA,NA
"4","Data published February 03, 2004 ",NA,NA,NA,NA,NA,NA,NA,NA,NA,NA,NA,NA,NA,NA,NA,NA,NA,NA,NA,NA,NA,NA,NA,NA,NA,NA,NA,NA,NA,NA,NA,NA,NA,NA,NA,NA,NA,NA,NA,NA,NA,NA,NA,NA,NA,NA,NA,NA,NA,NA,NA,NA,NA,NA,NA,NA,NA,NA,NA,NA,NA,NA,NA,NA,NA,NA,NA,NA,NA,NA,NA,NA,NA,NA,NA,NA,NA,NA,NA,NA,NA,NA,NA,NA,NA,NA,NA,NA,NA,NA,NA,NA,NA,NA,NA,NA,NA,NA,NA,NA,NA,NA,NA,NA,NA,NA,NA,NA,NA,NA,NA,NA,NA,NA,NA,NA,NA,NA,NA,NA,NA,NA,NA,NA,NA,NA,NA,NA,NA,NA,NA,NA,NA,NA,NA,NA,NA,NA,NA,NA,NA,NA,NA,NA,NA,NA,NA,NA,NA,NA,NA,NA,NA,NA,NA,NA,NA,NA,NA,NA,NA,NA,NA,NA,NA,NA,NA,NA,NA,NA,NA,NA,NA,NA,NA,NA,NA,NA,NA,NA,NA,NA,NA,NA,NA,NA,NA,NA,NA,NA,NA,NA,NA,NA,NA,NA,NA,NA,NA,NA,NA,NA,NA,NA,NA,NA
"5","File created 8/1/2006 12:16:13 PM",NA,NA,NA,NA,NA,NA,NA,NA,NA,NA,NA,NA,NA,NA,NA,NA,NA,NA,NA,NA,NA,NA,NA,NA,NA,NA,NA,NA,NA,NA,NA,NA,NA,NA,NA,NA,NA,NA,NA,NA,NA,NA,NA,NA,NA,NA,NA,NA,NA,NA,NA,NA,NA,NA,NA,NA,NA,NA,NA,NA,NA,NA,NA,NA,NA,NA,NA,NA,NA,NA,NA,NA,NA,NA,NA,NA,NA,NA,NA,NA,NA,NA,NA,NA,NA,NA,NA,NA,NA,NA,NA,NA,NA,NA,NA,NA,NA,NA,NA,NA,NA,NA,NA,NA,NA,NA,NA,NA,NA,NA,NA,NA,NA,NA,NA,NA,NA,NA,NA,NA,NA,NA,NA,NA,NA,NA,NA,NA,NA,NA,NA,NA,NA,NA,NA,NA,NA,NA,NA,NA,NA,NA,NA,NA,NA,NA,NA,NA,NA,NA,NA,NA,NA,NA,NA,NA,NA,NA,NA,NA,NA,NA,NA,NA,NA,NA,NA,NA,NA,NA,NA,NA,NA,NA,NA,NA,NA,NA,NA,NA,NA,NA,NA,NA,NA,NA,NA,NA,NA,NA,NA,NA,NA,NA,NA,NA,NA,NA,NA,NA,NA,NA,NA,NA,NA,NA
"6",NA,NA,NA,NA,NA,NA,NA,NA,NA,NA,NA,NA,NA,NA,NA,NA,NA,NA,NA,NA,NA,NA,NA,NA,NA,NA,NA,NA,NA,NA,NA,NA,NA,NA,NA,NA,NA,NA,NA,NA,NA,NA,NA,NA,NA,NA,NA,NA,NA,NA,NA,NA,NA,NA,NA,NA,NA,NA,NA,NA,NA,NA,NA,NA,NA,NA,NA,NA,NA,NA,NA,NA,NA,NA,NA,NA,NA,NA,NA,NA,NA,NA,NA,NA,NA,NA,NA,NA,NA,NA,NA,NA,NA,NA,NA,NA,NA,NA,NA,NA,NA,NA,NA,NA,NA,NA,NA,NA,NA,NA,NA,NA,NA,NA,NA,NA,NA,NA,NA,NA,NA,NA,NA,NA,NA,NA,NA,NA,NA,NA,NA,NA,NA,NA,NA,NA,NA,NA,NA,NA,NA,NA,NA,NA,NA,NA,NA,NA,NA,NA,NA,NA,NA,NA,NA,NA,NA,NA,NA,NA,NA,NA,NA,NA,NA,NA,NA,NA,NA,NA,NA,NA,NA,NA,NA,NA,NA,NA,NA,NA,NA,NA,NA,NA,NA,NA,NA,NA,NA,NA,NA,NA,NA,NA,NA,NA,NA,NA,NA,NA,NA,NA,NA,NA,NA,NA,NA
"7","Line",NA,NA,1967,1967,1967,1967,1967,1967,1967,1967,1967,1967,1967,1967,1968,1968,1968,1968,1968,1968,1968,1968,1968,1968,1968,1968,1969,1969,1969,1969,1969,1969,1969,1969,1969,1969,1969,1969,1970,1970,1970,1970,1970,1970,1970,1970,1970,1970,1970,1970,1971,1971,1971,1971,1971,1971,1971,1971,1971,1971,1971,1971,1972,1972,1972,1972,1972,1972,1972,1972,1972,1972,1972,1972,1973,1973,1973,1973,1973,1973,1973,1973,1973,1973,1973,1973,1974,1974,1974,1974,1974,1974,1974,1974,1974,1974,1974,1974,1975,1975,1975,1975,1975,1975,1975,1975,1975,1975,1975,1975,1976,1976,1976,1976,1976,1976,1976,1976,1976,1976,1976,1976,1977,1977,1977,1977,1977,1977,1977,1977,1977,1977,1977,1977,1978,1978,1978,1978,1978,1978,1978,1978,1978,1978,1978,1978,1979,1979,1979,1979,1979,1979,1979,1979,1979,1979,1979,1979,1980,1980,1980,1980,1980,1980,1980,1980,1980,1980,1980,1980,1981,1981,1981,1981,1981,1981,1981,1981,1981,1981,1981,1981,1982,1982,1982,1982,1982,1982,1982,1982,1982,1982,1982,1982,1983,1983,1983,1983,1983,1983,1983,1983,1983,1983,1983,1983
"8",NA,NA,NA,1,2,3,4,5,6,7,8,9,10,11,12,1,2,3,4,5,6,7,8,9,10,11,12,1,2,3,4,5,6,7,8,9,10,11,12,1,2,3,4,5,6,7,8,9,10,11,12,1,2,3,4,5,6,7,8,9,10,11,12,1,2,3,4,5,6,7,8,9,10,11,12,1,2,3,4,5,6,7,8,9,10,11,12,1,2,3,4,5,6,7,8,9,10,11,12,1,2,3,4,5,6,7,8,9,10,11,12,1,2,3,4,5,6,7,8,9,10,11,12,1,2,3,4,5,6,7,8,9,10,11,12,1,2,3,4,5,6,7,8,9,10,11,12,1,2,3,4,5,6,7,8,9,10,11,12,1,2,3,4,5,6,7,8,9,10,11,12,1,2,3,4,5,6,7,8,9,10,11,12,1,2,3,4,5,6,7,8,9,10,11,12,1,2,3,4,5,6,7,8,9,10,11,12
"9",NA,"   Materials and supplies"," ",NA,NA,NA,NA,NA,NA,NA,NA,NA,NA,NA,NA,NA,NA,NA,NA,NA,NA,NA,NA,NA,NA,NA,NA,NA,NA,NA,NA,NA,NA,NA,NA,NA,NA,NA,NA,NA,NA,NA,NA,NA,NA,NA,NA,NA,NA,NA,NA,NA,NA,NA,NA,NA,NA,NA,NA,NA,NA,NA,NA,NA,NA,NA,NA,NA,NA,NA,NA,NA,NA,NA,NA,NA,NA,NA,NA,NA,NA,NA,NA,NA,NA,NA,NA,NA,NA,NA,NA,NA,NA,NA,NA,NA,NA,NA,NA,NA,NA,NA,NA,NA,NA,NA,NA,NA,NA,NA,NA,NA,NA,NA,NA,NA,NA,NA,NA,NA,NA,NA,NA,NA,NA,NA,NA,NA,NA,NA,NA,NA,NA,NA,NA,NA,NA,NA,NA,NA,NA,NA,NA,NA,NA,NA,NA,NA,NA,NA,NA,NA,NA,NA,NA,NA,NA,NA,NA,NA,NA,NA,NA,NA,NA,NA,NA,NA,NA,NA,NA,NA,NA,NA,NA,NA,NA,NA,NA,NA,NA,NA,NA,NA,NA,NA,NA,NA,NA,NA,NA,NA,NA,NA,NA,NA,NA,NA,NA,NA,NA,NA,NA,NA,NA,NA,NA
"10","1","Manufacturing","STMM0",68996,69453,69844,69805,69589,69604,69937,71887,70967,70989,71423,71612,71840,72159,71925,72807,73558,73767,74220,76195,75250,75195,74704,74453,74509,74417,75000,75270,75339,74904,74588,75824,75424,76368,76451,76686,76169,76619,76750,76231,75714,75201,74970,76440,75906,76023,76652,76665,76675,76614,76481,77420,78186,78292,78612,79093,77549,77447,77473,77411,77446,77461,76908,76978,77328,76852,78165,79109,79089,79478,80018,79850,80340,81238,81745,82556,82917,84076,85786,86225,87291,88726,89590,91322,91341,92017,93046,94670,95996,96893,98224,98715,100035,100069,100465,103203,104305,104292,103324,102250,100956,99871,99225,98506,98209,98569,98900,98698,99661,99588,99905,100162,100826,101252,102309,102124,102935,103395,104905,104585,104507,104716,105207,106059,107489,108114,108142,108559,108777,108701,107657,107278,106445,106664,106620,106618,107418,108431,108614,109554,110838,110290,111206,111435,112292,112139,113168,113073,112808,113118,113446,115258,114336,115242,115852,115679,116762,117042,117599,118345,118104,117664,116992,115324,115174,114638,114139,115069,116306,116398,115990,115913,115233,115497,116299,115744,116454,116324,116057,115628,115208,115126,114352,114639,113695,113445,113420,112737,111690,111678,110644,109939,107892,107682,106687,106950,107374,107717,107214,108273,108854,109407,109840,110841
"11","2"," Durable goods","STMDM0",35914,36114,36069,35942,35652,35520,35569,37267,36360,36477,36813,37060,36947,37313,37421,37948,38528,38567,38810,40221,39318,39161,38831,38438,38747,38452,39038,38864,38794,38600,38306,39145,38615,39237,39360,40097,40093,40127,40058,39634,39261,38932,38862,40188,39787,39680,39932,39806,39970,39854,39992,40810,41450,41430,41808,42135,40572,40100,39899,39823,39613,39325,39223,39168,39316,38616,39831,40562,40380,40861,41171,41153,41137,41404,41692,42229,42534,43206,44041,44955,45768,46575,46937,48795,48324,48717,49660,50406,51115,51804,52929,53296,54227,54961,54950,56984,57893,58294,57501,57139,56146,55577,55079,54605,54059,53464,53308,52767,53591,53529,53794,53965,54165,54406,54946,54497,54996,55732,56319,55960,56257,56082,56316,56612,57623,57985,57929,58025,58074,57966,57564,57384,56826,57139,56932,57187,57835,58290,58530,59326,60443,60033,60503,60636,61213,61157,62063,61974,62209,62541,62928,64050,63263,64116,64374,64657,65037,65124,65308,65776,65466,65087,64644,63971,63624,63188,62773,63614,64530,64660,64401,64313,63739,64121,64579,64294,64802,64674,64494,63933,63372,63239,62532,62238,61505,61518,61262,60744,60160,59994,59077,58723,57237,57155,56401,56732,57120,56942,56664,57359,57581,57953,58595,58993
"12","3","  Lumber & wood products","ST24M0",2628,2633,2667,2643,2681,2667,2547,2442,2352,2447,2523,2551,2514,2616,2515,2515,2524,2391,2501,2436,2479,2556,2514,2510,2573,2394,2573,2637,2696,2858,2909,3084,3157,3131,3131,3153,3209,3235,3257,3375,3336,3301,3419,3341,3262,3253,3262,3271,3288,3377,3373,3446,3570,3622,3707,3692,3822,3718,3695,3710,3680,3740,3814,3869,3862,3854,3755,3741,3730,3734,3783,3702,3737,3678,3458,3576,3570,3558,3611,3603,3597,3666,3743,3729,3631,3536,3457,3557,3678,3736,3996,4047,4184,3996,3964,3898,3809,3766,3755,3691,3610,3580,3542,3580,3607,3607,3586,3718,3715,3781,3863,3932,3971,3996,4020,4049,4007,4049,4070,4086,4172,4281,4246,4496,4386,4343,4296,4113,4002,3994,3998,4121,4241,4277,4232,4211,4207,4247,4301,4282,4266,4340,4270,4204,4156,4161,4161,4109,4060,4185,4151,4189,4228,4227,4344,4499,4638,4508,4432,4694,4717,4587,4442,4575,4627,4573,4498,4500,4523,4569,4578,4618,4582,4523,4583,4558,4576,4536,4487,4351,4213,4161,4116,4134,4145,4166,4062,3994,3962,3962,3965,3975,3994,4009,3967,3970,3975,3967,4071,4253,4228,4489,4399,4300
"13","4","  Furniture & fixtures","ST25M0",1363,1363,1398,1423,1384,1356,1352,1313,1348,1380,1398,1430,1441,1430,1465,1490,1507,1524,1552,1580,1569,1501,1525,1491,1464,1513,1510,1530,1621,1605,1605,1639,1649,1699,1686,1669,1702,1702,1679,1652,1622,1646,1629,1646,1652,1659,1695,1742,1702,1666,1728,1766,1834,1831,1936,1952,1796,1799,1796,1802,1843,1828,1840,1837,1837,1846,1890,1877,1918,1927,2013,2025,2016,2055,2117,2132,2158,2274,2243,2286,2308,2374,2314,2368,2405,2410,2372,2397,2409,2376,2394,2383,2301,2349,2335,2306,2346,2290,2185,2127,2080,2035,1982,1957,1953,1977,2003,2036,2057,2109,2145,2107,2105,2153,2155,2132,2116,2110,2110,2162,2130,2106,2148,2191,2217,2237,2237,2177,2217,2291,2327,2261,2244,2255,2277,2322,2347,2311,2343,2389,2392,2344,2378,2382,2444,2439,2478,2451,2446,2485,2500,2525,2562,2500,2573,2483,2569,2574,2549,2421,2390,2492,2490,2426,2392,2410,2374,2387,2357,2381,2420,2418,2431,2447,2460,2508,2503,2473,2463,2462,2463,2456,2428,2428,2447,2447,2422,2320,2350,2331,2353,2306,2286,2245,2207,2201,2240,2286,2308,2364,2406,2495,2552,2504
"14","5","  Stone clay glass prod.","ST32M0",1577,1545,1568,1563,1595,1572,1536,1527,1531,1568,1545,1536,1509,1518,1513,1491,1482,1482,1531,1563,1549,1612,1656,1634,1744,1805,1727,1775,1762,1788,1830,1775,1732,1686,1614,1698,1685,1731,1731,1727,1702,1690,1726,1722,1795,1831,1839,1843,1800,1726,1722,1776,1810,1810,1780,1772,1761,1738,1734,1704,1761,1742,1742,1753,1745,1757,1708,1764,1797,1808,1786,1790,1757,1746,1782,1757,1817,1867,1931,1987,2019,2081,2171,2231,2284,2287,2446,2573,2623,2666,2749,2877,2819,2845,2842,2909,3092,3044,2975,2980,2973,2975,2965,2898,2886,2945,2938,2904,2887,2990,2954,2919,2800,2852,2864,2838,2857,2836,2831,2905,2955,2960,3019,3066,3057,3099,3077,3156,3184,3182,3174,3174,3169,3137,3171,3098,3193,3212,3249,3324,3364,3326,3417,3366,3370,3251,3300,3278,3313,3311,3335,3349,3169,3303,3314,3305,3315,3302,3292,3278,3286,3249,3261,3152,3112,3122,3106,3243,3249,3300,3236,3217,3192,3297,3237,3204,3271,3206,3162,3149,3124,3191,3137,3116,3029,2991,2935,2925,2896,2914,2880,2842,2765,2862,2866,2842,2799,2803,2800,2841,2838,2831,2835,2848
"15","6","  Primary metals","ST33M0",6866,6910,6923,6991,7029,7131,7168,7027,6963,6923,6956,6972,6810,6751,6790,6878,6966,6898,7002,7028,7090,7081,6980,6937,6873,6749,6854,6800,6775,6676,6627,6654,6669,6599,6608,6636,6656,6713,6847,6910,6927,6910,6983,7118,7147,7317,7497,7248,7312,7278,7197,7163,7100,7190,7171,7241,7403,7265,7246,7372,7443,7489,7524,7411,7408,7373,7333,7327,7392,7352,7349,7327,7258,7137,7029,7039,7027,7014,7138,7204,7238,7308,7371,7589,7415,7426,7588,7790,8034,8182,8425,8650,8823,9018,9024,9656,10236,10797,10675,10759,10817,10970,11017,10946,10967,10984,11033,10759,11038,11121,11204,11173,11170,11186,11103,11121,11295,11465,11477,11637,11785,11882,11995,12063,12031,12012,12042,11887,11771,11652,11420,11243,10742,10624,10429,10447,10494,10539,10457,10635,10664,10574,10726,10652,10431,10312,10377,10292,10187,10415,10486,10777,10588,10728,10819,10883,11060,11074,11016,11027,11257,11237,11224,10932,10745,10592,10344,10401,10818,10890,10866,10569,10227,10388,10522,10540,10753,10808,10870,10982,11097,11086,11026,10870,10717,10520,10269,10080,9880,9541,9307,9348,9144,9045,8819,8849,8713,8568,8455,8362,8268,8245,8393,8612
"16","7","  Fabricated metals","ST34M0",6771,6771,6931,6931,6759,6713,6631,6755,6821,6975,7029,7113,7220,7479,7600,7992,8331,8621,8811,8891,8646,8880,8838,8554,8355,8038,8134,7903,7855,7665,7568,7442,7460,7449,7577,7637,7725,7857,7767,7416,7145,6915,6749,6877,7178,7053,6976,6976,6929,7050,7374,7936,8193,8578,8786,8417,8019,7719,7479,7381,7264,6784,6504,6349,6365,6139,7355,7446,7390,7424,7503,7299,7669,7805,7861,8004,8182,8140,8293,8515,8777,9011,9187,9218,9162,9364,9643,9797,9995,10309,10387,10452,10430,10794,11103,11312,11810,11876,11675,11594,11171,10882,10508,10342,10154,9912,9827,9859,10238,9842,9844,9668,9771,9806,10111,10098,10286,10457,10663,10522,10479,10396,10491,10642,10802,11079,10989,10987,10964,10721,10718,10601,10367,10508,10650,10730,10843,10823,10896,11002,11075,11169,11082,11136,10991,11130,11374,11257,11361,11477,11509,11530,11522,11462,11525,11408,11428,11513,11379,11417,11359,11043,10692,10659,10490,10418,10477,10556,10616,10967,10619,10482,10375,10356,10463,10456,10588,10489,10533,10332,10162,9813,9867,9805,9732,9623,9504,9482,9507,9493,9208,9090,9087,8999,8854,8964,9040,8937,8988,9228,9211,9138,9163,9191
"17","8","  Industrial machinery","ST35M0",3189,3230,3311,3254,3270,3214,3308,3328,3290,3337,3423,3445,3257,3288,3303,3421,3542,3538,3574,3591,3610,3581,3593,3640,3684,3812,3876,3913,3927,3992,4029,4097,4205,4330,4391,4484,4368,4333,4321,4261,4277,4351,4372,4369,4397,4420,4471,4534,4639,4685,4717,4798,4798,4787,4849,4768,4621,4485,4509,4475,4448,4357,4320,4309,4299,4264,4248,4278,4374,4449,4579,4669,4737,4852,4930,5090,5220,5333,5500,5663,5777,5879,5989,6184,6170,6297,6504,6641,6815,7006,7182,7279,7486,7819,7835,7998,8175,8295,8402,8286,8198,8150,8038,8001,7943,7687,7562,7340,7500,7488,7454,7447,7420,7418,7416,7476,7424,7429,7598,7419,7406,7335,7313,7246,7259,7279,7315,7288,7396,7458,7501,7591,7610,7643,7725,7859,7991,8072,8221,8244,8385,8561,8402,8502,8517,8484,8658,8626,8741,8812,8760,8948,9006,9234,9342,9499,9511,9646,9704,9830,9696,9795,9903,9897,9840,9796,9768,9767,9730,9654,9653,9765,9731,9832,9842,9855,10024,10068,10087,10080,10096,10212,10027,9971,9958,9928,9875,9859,9701,9852,9714,9519,9397,9396,9334,9363,9433,9353,9225,9167,9171,9158,9309,9175
"18","9","  Electronic machinery","ST36M0",2739,2729,2662,2655,2593,2559,2600,2596,2630,2683,2700,2706,2702,2711,2760,2805,2870,2863,2876,2872,2861,2848,2836,2772,2844,2853,2907,2900,3011,3013,2965,3005,3055,3180,3202,3231,3195,3258,3253,3264,3212,3226,3165,3181,3172,3096,3042,3006,2990,2985,2960,2933,2928,2946,2965,2914,2875,2860,2901,2898,2859,2850,2855,2859,2892,2841,2887,2927,2980,3005,3075,3121,3200,3278,3341,3439,3480,3661,3799,3916,4057,4195,4283,4393,4468,4576,4664,4783,4850,4879,4937,4964,4949,4955,4949,4947,4981,4925,4786,4644,4504,4418,4264,4169,4083,4066,4100,4048,4088,4042,4013,4132,4171,4171,4242,4287,4347,4428,4489,4487,4526,4588,4637,4610,4669,4741,4776,4845,4860,4842,4839,4895,4841,4949,4974,5069,5179,5285,5357,5401,5533,5553,5605,5621,5884,5677,5961,5983,6096,6255,6277,6080,6089,6126,6106,6354,6340,6440,6524,6564,6567,6551,6591,6579,6621,6607,6559,6591,6700,6726,6631,6758,6804,6824,6833,6939,6907,6937,6901,6761,6637,6528,6488,6551,6422,6338,6360,6288,6243,6293,6327,6201,6164,6096,6057,5980,6072,6147,6040,6175,6259,6334,6399,6540
"19","10","  Transportation","ST37M0",10750,10883,10628,10518,10347,10287,10290,12431,11375,11146,11268,11331,11656,11753,11700,11706,11691,11656,11421,13005,12035,11562,11185,11107,11275,11118,11242,11088,10738,10488,10272,11024,10061,10560,10566,11191,11202,10903,10656,10478,10328,10050,10005,11335,10495,10365,10511,10461,10552,10365,10252,10555,10946,10419,10405,11264,9871,10031,9979,9988,9773,9836,9876,9976,9988,9557,10011,10719,10175,10566,10365,10393,10076,10079,10214,10303,10239,10421,10504,10774,10993,11020,10730,12014,11351,11201,11322,11122,10838,10725,10974,10807,11318,11141,10815,12135,11825,11672,11336,11412,11042,10782,11120,11023,10793,10638,10724,10600,10529,10685,10933,11166,11332,11418,11780,10983,11229,11635,11831,11410,11424,11255,11100,10927,12048,12227,12056,12485,12507,12584,12203,12112,12219,12361,12040,11934,11985,12203,12001,12486,13304,12463,12983,13076,13801,14154,14058,14289,14280,13636,14070,15070,14329,14828,14657,14376,13943,13832,14222,14488,14340,13844,13622,13120,12939,12954,12888,13553,13867,13734,13989,13846,13567,13665,13970,13375,13397,13190,12910,12755,12515,12470,12044,11977,11886,12160,12453,12363,12088,11986,11717,12031,10999,11232,10972,11177,11462,11620,11689,11973,12008,12145,12387,12656
"20","11","    Motor vehicles","ST371M0",5835,5821,5479,5319,5163,4936,4926,6701,5455,5237,5310,5220,5556,5612,5622,5698,5632,5625,5688,7126,6095,5857,5765,5706,5944,5765,5846,5801,5804,5622,5826,6705,5576,5548,5617,5811,6039,5786,5610,5520,5396,5169,5184,6354,5293,5332,5497,5587,5670,5548,5477,5651,6011,6220,6073,6949,5730,5643,5640,5547,5694,5729,5864,5916,5824,5372,5758,6546,6041,6323,6172,6280,5879,5947,5919,6065,6020,6201,6198,6305,6508,6491,6149,7282,6653,6351,6433,6039,5672,6323,6353,6125,6457,6263,5778,6935,6198,6068,5940,5950,5688,5517,5764,5737,5576,5543,5598,5615,5550,5797,6011,6312,6480,6576,6995,6299,6494,6792,6964,6858,6994,6977,7030,6877,6911,7233,7110,7371,7701,7816,7642,7544,7628,7628,7316,7454,7536,7592,7426,7675,8188,7623,8010,7776,8519,9008,8838,9037,9021,8336,8837,9336,8736,9290,8822,8087,7745,7498,7577,7547,7276,6866,6446,6226,5916,5974,6066,6436,6602,6488,6577,6531,6357,6208,6417,5951,6017,5880,5602,5492,5261,5155,4966,4894,4793,4847,4843,4814,4641,4616,4377,4600,4236,4364,4391,4508,4579,4638,4693,4774,4844,4977,5103,5246
"21","12","    Other","ST37XM0",4834,4966,5023,5057,5034,5173,5185,5622,5723,5700,5749,5884,5892,5932,5875,5815,5858,5832,5560,5762,5771,5543,5274,5254,5199,5211,5254,5150,4820,4750,4363,4273,4391,4885,4827,5238,5041,4990,4919,4833,4805,4751,4694,4873,5059,4899,4885,4754,4762,4698,4656,4782,4818,4116,4241,4235,4052,4289,4241,4338,3991,4018,3927,3974,4074,4090,4159,4087,4046,4154,4104,4027,4107,4043,4202,4148,4129,4131,4216,4375,4391,4434,4487,4633,4602,4754,4793,4988,5074,4313,4530,4595,4768,4788,4958,5102,5544,5525,5319,5385,5282,5196,5284,5214,5147,5025,5055,4913,4909,4810,4839,4762,4755,4743,4672,4590,4637,4738,4758,4441,4312,4158,3944,3928,5038,4882,4836,5001,4674,4632,4426,4436,4457,4602,4604,4348,4312,4477,4446,4680,4975,4711,4834,5180,5134,4975,5057,5083,5089,5157,5068,5566,5444,5361,5689,6192,6112,6263,6582,6891,7030,6958,7182,6899,7045,6998,6830,7121,7268,7252,7421,7322,7220,7485,7574,7463,7412,7346,7355,7314,7316,7383,7145,7154,7169,7396,7705,7643,7544,7464,7444,7529,6851,6954,6651,6737,6959,7059,7071,7279,7239,7235,7351,7476
"22","13","  Instruments","ST38M0",1947,1956,1959,1963,1954,1957,1949,1940,1949,1954,1962,1971,1979,1985,1974,1958,1970,1960,1966,1962,1978,1993,2036,2023,2066,2069,2083,2110,2102,2109,2087,2111,2119,2101,2086,2062,2077,2095,2136,2121,2145,2131,2122,2133,2139,2140,2135,2157,2149,2139,2139,2135,2144,2158,2162,2153,2154,2155,2145,2122,2149,2182,2201,2215,2237,2231,2262,2271,2267,2277,2295,2294,2246,2258,2304,2282,2264,2310,2348,2375,2401,2419,2480,2489,2565,2617,2624,2674,2699,2742,2794,2730,2796,2825,2803,2830,2730,2729,2717,2720,2722,2706,2669,2704,2700,2709,2695,2731,2741,2705,2697,2703,2705,2740,2720,2743,2743,2734,2727,2774,2818,2713,2773,2797,2846,2803,2834,2842,2863,2878,2883,2848,2859,2887,2896,2896,2923,2916,2934,2935,2962,2978,3023,3038,3077,3112,3150,3176,3187,3224,3254,3260,3232,3236,3229,3232,3410,3353,3316,3286,3169,3295,3230,3256,3365,3305,3333,3361,3465,3385,3367,3389,3432,3413,3428,3413,3374,3395,3410,3380,3339,3371,3402,3374,3207,3333,3318,3292,3340,3263,3224,3254,3079,3053,3020,3110,3115,3047,3052,3120,3229,3273,3266,3332
"23","14","  Other manufacturing","ST39M0",1437,1454,1433,1409,1440,1472,1482,1468,1468,1461,1434,1475,1368,1409,1420,1413,1420,1454,1495,1471,1461,1567,1560,1567,1611,1648,1745,1725,1745,1778,1785,1775,1771,1755,1752,1745,1778,1800,1839,1794,1788,1791,1816,1845,1851,1838,1851,1880,1896,1855,1880,1908,1946,1934,1971,2006,2021,2031,2012,1980,1955,1999,1990,2014,2104,2058,1990,1945,1963,1969,2018,2005,1906,1918,1985,1948,1936,1931,1973,1981,1998,2083,2056,2243,2319,2357,2476,2493,2572,2574,2594,2665,2743,2714,2767,2775,2742,2666,2587,2543,2482,2438,2388,2330,2263,2236,2156,2147,2195,2242,2276,2300,2337,2323,2339,2356,2362,2380,2341,2321,2335,2397,2389,2492,2408,2350,2393,2350,2359,2378,2417,2404,2367,2323,2263,2263,2327,2361,2387,2396,2394,2377,2415,2410,2334,2324,2371,2328,2298,2353,2302,2314,2285,2293,2288,2259,2359,2315,2336,2327,2314,2296,2294,2310,2282,2210,2158,2224,2249,2253,2266,2308,2287,2277,2249,2276,2270,2286,2287,2207,2136,2262,2233,2228,2232,2272,2315,2320,2326,2410,2340,2216,2264,2228,2223,2207,2214,2225,2168,2165,2162,2140,2182,2176
"24","15"," Nondurable goods","STMNM0",33519,33788,34300,34419,34545,34734,35055,35117,35229,35102,35170,35068,35484,35375,34957,35294,35410,35603,35813,36264,36351,36495,36356,36582,36239,36522,36429,36979,37154,36899,36917,37258,37493,37778,37711,37002,36397,36884,37132,37086,36974,36809,36628,36589,36494,36777,37183,37367,37160,37238,36899,36918,36970,37119,36987,37112,37382,37899,38200,38227,38552,38956,38435,38592,38807,39186,39109,39246,39465,39283,39505,39331,39914,40605,40813,41054,41073,41545,42433,41805,42003,42621,43137,42837,43404,43681,43710,44615,45238,45412,45547,45656,46015,45213,45651,46291,46440,45961,45818,45064,44804,44278,44150,43914,44221,45309,45854,46272,46354,46347,46380,46460,46957,47141,47667,48005,48304,47915,48893,48975,48519,48973,49238,49832,50200,50457,50559,50914,51101,51149,50463,50257,50007,49865,50073,49750,49849,50432,50340,50409,50464,50356,50809,50903,51153,51047,51072,51077,50471,50406,50293,50950,50887,50849,51222,50670,51426,51634,52036,52298,52409,52378,52165,51118,51370,51299,51242,51263,51536,51482,51339,51357,51290,51125,51464,51189,51363,51373,51291,51500,51720,51793,51793,52479,52317,52020,52305,52175,51714,51906,51872,51514,51042,50906,50720,50604,50600,51215,50991,51326,51709,51873,51560,52201
"25","16","  Food and kindred product","ST20M0",7184,7195,7436,7441,7453,7450,7569,7612,7568,7583,7648,7680,7695,7637,7533,7530,7447,7551,7702,7876,7938,7897,7762,7803,7679,7648,7508,7738,7810,7799,7489,7674,7852,7727,7772,7571,7278,7437,7463,7461,7437,7269,7282,7272,7303,7483,7669,7776,7637,7500,7399,7315,7284,7362,7286,7542,7656,7985,8006,7909,8018,8116,8092,8136,8172,8374,8240,8160,8098,8064,8059,7847,8423,8416,8253,8268,8142,8314,8646,8234,8435,8526,8601,8378,8202,8142,8287,8457,8544,8504,8440,8358,8232,7783,7943,8148,8121,8011,8152,8086,8030,7912,7864,7892,8103,8467,8876,9030,9056,9047,8867,8884,9012,9100,9266,9543,9603,9407,10025,10035,10150,10378,10414,10678,10789,10918,10725,11054,11185,10877,10304,9932,9719,9637,9766,9513,9636,9804,9690,9639,9692,9579,9470,9626,9693,9922,9673,9722,9509,9483,9496,9530,9498,9591,9768,9953,10027,10045,10055,9739,9863,10161,10194,9894,9869,9799,9984,9888,9697,9590,9706,9789,9850,9615,9631,9765,9972,9861,9888,9739,9567,9477,9584,9728,9757,9751,9757,9659,9590,9753,9892,9695,9815,9688,9798,9616,9390,9335,9245,9543,9857,9527,9337,9599
"26","17","  Tobacco products","ST21M0",6075,6193,6145,6152,6171,6182,6189,6219,6237,6136,6204,6237,6326,6237,6133,6118,6081,6058,6006,5877,5811,5734,5720,5839,5731,5702,5741,5716,5780,5798,5844,5854,5819,5750,5722,5565,5432,5512,5498,5481,5419,5415,5385,5308,5275,5218,5222,5057,5073,5195,5025,5002,4986,4948,4883,4694,4851,4870,4898,4999,5015,4971,5056,5106,5075,5069,5100,5165,5257,5236,5366,5452,5258,5283,5261,5322,5400,5403,5403,5466,5451,5442,5460,5460,5604,5604,5640,5652,5646,5732,5824,5876,5853,5807,6064,6341,6474,6382,6405,6389,6421,6508,6637,6561,6406,6676,6663,6713,6752,6865,6932,6943,7000,6843,6989,6963,6934,6900,6809,6707,6666,6647,6633,6665,6651,6637,6833,6650,6690,6656,6588,6576,6454,6427,6370,6406,6368,6272,6110,6041,6097,6173,6314,6286,6258,6196,6209,6146,6109,6212,6100,6112,5998,5927,5845,5659,5665,5727,5671,5633,5660,5696,5760,5697,5834,5796,5827,5604,5824,5706,5723,5604,5587,5371,5564,5600,5651,5704,5706,5994,6360,6402,6379,6828,6927,7043,7201,7141,6972,7018,6931,7048,6645,6564,6645,6768,6768,7048,7295,7031,7048,7091,6850,6717
"27","18","  Textile mill products","ST22M0",1876,1895,1876,1885,1887,1857,1847,1880,1901,1905,1889,1971,2015,2056,2071,2110,2123,2154,2088,2211,2176,2164,2158,2187,2156,2104,2065,2077,2082,2088,2092,2098,2084,2076,2067,2027,1994,1976,2005,2009,2003,1992,1982,1988,1980,2021,2025,2029,2059,2110,2132,2149,2181,2210,2256,2264,2327,2321,2341,2292,2367,2383,2399,2478,2456,2378,2356,2356,2338,2368,2364,2376,2329,2534,2724,2728,2768,2797,2752,2669,2623,2618,2652,2592,2794,2821,2748,2647,2721,2762,2810,2846,2845,2783,2754,2671,2535,2442,2365,2285,2247,2226,2228,2279,2341,2433,2485,2500,2513,2524,2481,2474,2457,2425,2435,2442,2435,2397,2398,2438,2470,2492,2559,2627,2702,2732,2711,2702,2663,2663,2615,2611,2594,2569,2564,2482,2506,2545,2558,2537,2601,2572,2604,2515,2503,2526,2490,2493,2468,2426,2462,2513,2450,2462,2453,2478,2541,2549,2594,2595,2581,2534,2415,2350,2307,2349,2380,2490,2523,2533,2541,2543,2466,2492,2461,2414,2385,2378,2326,2289,2240,2186,2147,2092,2077,2004,2019,2016,1997,1939,1991,1955,1983,1936,1977,2003,2051,2098,2192,2222,2276,2320,2340,2295
"28","19","  Apparel products","ST23M0",1894,1950,1988,2015,2004,2058,2154,2143,2197,2191,2132,1957,2021,1997,1919,2083,2142,2148,2193,2204,2217,2193,2217,2241,2268,2340,2335,2316,2311,2174,2282,2248,2219,2470,2384,2397,2464,2438,2438,2464,2502,2509,2481,2560,2507,2509,2491,2519,2492,2517,2527,2594,2623,2604,2569,2531,2577,2551,2759,2678,2699,3001,2412,2464,2532,2660,2683,2806,2856,2843,2848,2866,2947,3049,3034,3032,3041,2989,3006,2916,2863,3012,3032,2923,2913,2816,2721,2768,2675,2693,2693,2787,2746,2641,2594,2636,2510,2451,2459,2394,2493,2401,2425,2300,2409,2494,2638,2667,2664,2748,3012,3129,3185,3176,3168,3182,3197,3127,3004,2938,2941,2944,2890,2891,2863,2866,2947,2947,2906,2995,3010,3016,3027,2934,2970,2931,2904,2957,2921,2969,2993,2979,3067,3125,3331,3259,3152,3056,2934,2805,2823,2798,3025,2924,2916,2973,3008,3006,3055,3126,3186,3181,3121,3125,3126,3077,3020,2976,2953,3033,2991,2981,3066,3037,3050,2981,2950,3034,3096,3055,3011,3020,2951,2931,2948,2964,2935,2983,2905,2863,2863,2860,2704,2738,2766,2779,2766,2807,2836,2930,2894,2938,2957,3042
"29","20","  Paper & allied products","ST26M0",3165,3161,3293,3272,3272,3264,3173,3153,3148,3099,3124,3079,3115,3206,3148,3136,3140,3164,3136,3148,3100,3192,3092,3088,2991,3072,3014,3033,3033,3026,3104,3116,3108,3151,3143,3170,3271,3352,3445,3499,3441,3587,3641,3637,3656,3671,3706,3713,3675,3582,3560,3523,3662,3640,3619,3636,3626,3669,3701,3669,3579,3615,3647,3555,3653,3692,3720,3709,3723,3665,3634,3617,3576,3596,3622,3638,3544,3665,3711,3723,3769,3817,3896,3992,4094,4117,4180,4417,4543,4717,4792,4889,5059,5170,5287,5392,5626,5560,5466,5291,5184,5100,5028,5078,5037,5089,5028,5011,5240,5152,5098,5123,5152,5129,5106,5125,5086,5062,5115,5099,5025,5045,5104,5163,5268,5278,5332,5270,5272,5320,5268,5218,5121,5104,5231,5250,5220,5283,5328,5317,5295,5283,5384,5391,5387,5287,5422,5443,5433,5531,5417,5545,5620,5616,5673,5659,5791,5863,5863,5976,6087,6113,6033,6020,5961,5867,5855,5797,5932,5969,5973,5899,5883,5924,6012,6006,6037,6015,5991,5953,5900,5979,5988,5988,5927,5824,5837,5772,5772,5827,5863,5913,5859,5800,5761,5727,5787,5851,5786,5926,5973,6132,6234,6172
"30","21","  Printing & publishing","ST27M0",2619,2688,2676,2711,2726,2768,2749,2657,2734,2768,2775,2741,2753,2685,2681,2677,2782,2782,2857,2861,2902,2981,3060,3064,3041,3215,3292,3318,3252,3296,3368,3404,3455,3494,3551,3257,3144,3231,3284,3249,3218,3148,3086,3093,3072,3076,3100,3100,3127,3161,3073,3106,2975,3079,3052,3002,2921,2915,2925,3029,3072,2995,2959,2943,2972,2962,2943,2962,2995,2936,2969,3014,3011,3084,3229,3186,3244,3281,3364,3418,3461,3601,3636,3700,3663,3919,3785,3862,3875,3890,3934,3927,3996,4012,3996,4144,4289,4165,4196,4098,3998,3980,3938,3923,3905,3885,3815,3749,3622,3600,3525,3593,3651,3714,3742,3777,3826,3849,3901,3997,3931,3895,3866,3862,3869,3907,3893,3889,3929,4035,4099,4249,4237,4203,4329,4335,4380,4392,4423,4443,4272,4259,4375,4375,4316,4343,4385,4392,4497,4421,4507,4574,4622,4615,4637,4617,4711,4752,4817,4871,4894,4892,4897,4838,4808,4833,4712,4648,4859,4802,4694,4813,4762,4797,4818,4772,4847,4785,4775,4777,4759,4967,4919,4912,4846,4844,4722,4708,4655,4660,4630,4631,4553,4500,4403,4300,4317,4368,4340,4425,4413,4479,4571,4685
"31","22","  Chemical & allied produc","ST28M0",5701,5693,5776,5784,5875,5903,5950,5950,5922,5922,5958,5978,6100,6128,6018,6112,6108,6096,6159,6270,6325,6452,6432,6460,6496,6535,6626,6861,6951,6893,6982,7002,7056,7113,7113,7083,6862,6975,7009,6998,6961,6994,6998,6983,6976,6968,7053,7237,7123,7203,7305,7352,7410,7414,7392,7446,7421,7443,7319,7443,7504,7501,7519,7407,7390,7568,7618,7646,7738,7713,7770,7682,7741,7831,7811,7913,7990,8043,8223,8099,8054,8185,8314,8517,8877,8945,8948,9240,9359,9361,9263,9174,9631,9731,9849,9874,9772,9768,9725,9590,9561,9465,9488,9393,9230,9273,9136,9205,9008,8892,8983,8834,8789,8797,8887,8907,9083,8954,9238,9361,8933,9261,9206,9288,9350,9418,9412,9546,9713,9770,9741,9901,10039,10026,9946,10082,10086,10341,10508,10502,10537,10696,10724,10621,10738,10615,10770,10787,10817,10795,10668,10837,10628,10698,10931,10620,10883,11077,11386,11605,11440,11106,10920,10652,10758,10807,10938,11049,10963,11013,10852,10822,10757,10910,10957,10848,10823,10799,10724,10786,10858,10690,10609,10620,10530,10531,10629,10500,10540,10405,10148,10095,10068,10031,9996,9966,9898,9881,9888,10064,10133,10173,10429,10553
"32","23","  Petroleum products","ST29M0",1567,1604,1685,1700,1685,1707,1751,1911,1933,1860,1896,1860,1875,1831,1904,1860,1940,1948,1998,2033,2156,2163,2177,2141,2091,2219,2233,2247,2205,2170,2177,2198,2143,2254,2219,2233,2356,2397,2370,2377,2439,2425,2336,2364,2295,2363,2383,2383,2435,2352,2231,2193,2174,2193,2291,2346,2236,2217,2236,2303,2316,2260,2310,2272,2291,2316,2285,2243,2315,2285,2328,2394,2406,2346,2298,2328,2241,2100,2316,2587,2387,2331,2359,2233,2212,2304,2282,2530,2858,2780,2897,2965,3079,2974,2946,2856,3039,3322,3099,3178,3186,3089,2950,2920,3027,3103,3103,3148,3210,3200,3129,3012,3075,3207,3268,3085,3218,3431,3453,3557,3633,3464,3696,3733,3797,3727,3781,3865,3703,3785,3888,3835,3925,4056,3955,3951,3823,3949,3873,3982,3989,3789,3875,3963,3821,3752,3900,3824,3730,3715,3667,3894,3874,3916,3863,3675,3624,3607,3571,3638,3643,3663,3896,3795,3954,3970,3828,3854,3859,3890,3875,3847,3903,3975,3971,3812,3701,3799,3740,3909,4064,4170,4406,4587,4524,4372,4372,4587,4523,4522,4652,4513,4660,4860,4639,4630,4727,4820,4478,4280,4178,4183,3864,4089
"33","24","  Rubber & plastic product","ST30M0",1698,1673,1705,1712,1719,1826,1926,1865,1876,1862,1822,1812,1812,1783,1787,1815,1837,1848,1830,1833,1833,1859,1956,1920,1934,1970,1938,1998,2034,1963,2034,2080,2132,2143,2136,2132,2122,2132,2143,2132,2136,2122,2098,2015,2056,2067,2112,2098,2132,2167,2153,2170,2160,2146,2153,2150,2119,2218,2239,2263,2280,2301,2383,2427,2468,2369,2379,2427,2444,2458,2475,2519,2485,2545,2542,2658,2720,2827,2949,3007,3110,3190,3319,3347,3497,3616,3659,3699,3760,3758,3763,3765,3695,3701,3622,3633,3679,3563,3508,3375,3304,3250,3230,3155,3217,3249,3268,3322,3372,3382,3388,3472,3604,3709,3759,3847,3817,3765,3887,3799,3677,3699,3765,3777,3761,3757,3778,3804,3842,3877,3887,3932,3943,4016,3980,3936,3997,3963,4016,4123,4123,4147,4186,4162,4219,4205,4246,4428,4270,4315,4400,4389,4360,4290,4312,4169,4380,4262,4274,4377,4287,4197,4036,3935,3899,3972,3847,4077,4119,4166,4175,4145,4122,4129,4119,4150,4214,4146,4197,4107,4031,3943,3782,3708,3700,3645,3807,3682,3676,3861,3798,3755,3667,3652,3661,3728,3793,3887,3903,3891,3928,4070,4127,4151
"34","25","  Leather & leather prod.","ST31M0",835,827,823,848,861,848,840,869,844,856,848,844,840,861,856,852,848,852,877,885,901,930,865,877,893,865,905,889,881,893,800,827,827,831,838,858,874,870,901,827,847,827,780,796,776,768,780,799,780,784,776,772,757,746,750,735,750,757,757,735,728,706,720,761,768,768,787,748,742,723,732,681,672,723,783,768,774,810,777,807,798,816,804,804,804,810,844,833,833,814,811,800,787,771,760,732,702,693,702,620,588,572,564,601,625,625,645,704,699,697,706,678,715,736,743,722,717,720,701,703,706,697,690,686,679,719,692,692,692,717,712,712,721,730,764,749,774,749,763,728,694,719,682,691,673,671,675,648,621,654,684,699,720,701,714,699,668,639,669,699,712,729,695,646,657,643,657,700,725,666,667,807,725,670,718,747,757,774,802,787,775,788,753,756,764,766,753,761,741,750,735,730,718,703,672,680,692,695,655,709,709,725,746,735
"35",NA,NA,NA,NA,NA,NA,NA,NA,NA,NA,NA,NA,NA,NA,NA,NA,NA,NA,NA,NA,NA,NA,NA,NA,NA,NA,NA,NA,NA,NA,NA,NA,NA,NA,NA,NA,NA,NA,NA,NA,NA,NA,NA,NA,NA,NA,NA,NA,NA,NA,NA,NA,NA,NA,NA,NA,NA,NA,NA,NA,NA,NA,NA,NA,NA,NA,NA,NA,NA,NA,NA,NA,NA,NA,NA,NA,NA,NA,NA,NA,NA,NA,NA,NA,NA,NA,NA,NA,NA,NA,NA,NA,NA,NA,NA,NA,NA,NA,NA,NA,NA,NA,NA,NA,NA,NA,NA,NA,NA,NA,NA,NA,NA,NA,NA,NA,NA,NA,NA,NA,NA,NA,NA,NA,NA,NA,NA,NA,NA,NA,NA,NA,NA,NA,NA,NA,NA,NA,NA,NA,NA,NA,NA,NA,NA,NA,NA,NA,NA,NA,NA,NA,NA,NA,NA,NA,NA,NA,NA,NA,NA,NA,NA,NA,NA,NA,NA,NA,NA,NA,NA,NA,NA,NA,NA,NA,NA,NA,NA,NA,NA,NA,NA,NA,NA,NA,NA,NA,NA,NA,NA,NA,NA,NA,NA,NA,NA,NA,NA,NA,NA,NA,NA,NA,NA,NA,NA
"36",NA,NA,NA,NA,NA,NA,NA,NA,NA,NA,NA,NA,NA,NA,NA,NA,NA,NA,NA,NA,NA,NA,NA,NA,NA,NA,NA,NA,NA,NA,NA,NA,NA,NA,NA,NA,NA,NA,NA,NA,NA,NA,NA,NA,NA,NA,NA,NA,NA,NA,NA,NA,NA,NA,NA,NA,NA,NA,NA,NA,NA,NA,NA,NA,NA,NA,NA,NA,NA,NA,NA,NA,NA,NA,NA,NA,NA,NA,NA,NA,NA,NA,NA,NA,NA,NA,NA,NA,NA,NA,NA,NA,NA,NA,NA,NA,NA,NA,NA,NA,NA,NA,NA,NA,NA,NA,NA,NA,NA,NA,NA,NA,NA,NA,NA,NA,NA,NA,NA,NA,NA,NA,NA,NA,NA,NA,NA,NA,NA,NA,NA,NA,NA,NA,NA,NA,NA,NA,NA,NA,NA,NA,NA,NA,NA,NA,NA,NA,NA,NA,NA,NA,NA,NA,NA,NA,NA,NA,NA,NA,NA,NA,NA,NA,NA,NA,NA,NA,NA,NA,NA,NA,NA,NA,NA,NA,NA,NA,NA,NA,NA,NA,NA,NA,NA,NA,NA,NA,NA,NA,NA,NA,NA,NA,NA,NA,NA,NA,NA,NA,NA,NA,NA,NA,NA,NA,NA
"37",NA,NA,NA,NA,NA,NA,NA,NA,NA,NA,NA,NA,NA,NA,NA,NA,NA,NA,NA,NA,NA,NA,NA,NA,NA,NA,NA,NA,NA,NA,NA,NA,NA,NA,NA,NA,NA,NA,NA,NA,NA,NA,NA,NA,NA,NA,NA,NA,NA,NA,NA,NA,NA,NA,NA,NA,NA,NA,NA,NA,NA,NA,NA,NA,NA,NA,NA,NA,NA,NA,NA,NA,NA,NA,NA,NA,NA,NA,NA,NA,NA,NA,NA,NA,NA,NA,NA,NA,NA,NA,NA,NA,NA,NA,NA,NA,NA,NA,NA,NA,NA,NA,NA,NA,NA,NA,NA,NA,NA,NA,NA,NA,NA,NA,NA,NA,NA,NA,NA,NA,NA,NA,NA,NA,NA,NA,NA,NA,NA,NA,NA,NA,NA,NA,NA,NA,NA,NA,NA,NA,NA,NA,NA,NA,NA,NA,NA,NA,NA,NA,NA,NA,NA,NA,NA,NA,NA,NA,NA,NA,NA,NA,NA,NA,NA,NA,NA,NA,NA,NA,NA,NA,NA,NA,NA,NA,NA,NA,NA,NA,NA,NA,NA,NA,NA,NA,NA,NA,NA,NA,NA,NA,NA,NA,NA,NA,NA,NA,NA,NA,NA,NA,NA,NA,NA,NA,NA
"38",NA,NA,NA,NA,NA,NA,NA,NA,NA,NA,NA,NA,NA,NA,NA,NA,NA,NA,NA,NA,NA,NA,NA,NA,NA,NA,NA,NA,NA,NA,NA,NA,NA,NA,NA,NA,NA,NA,NA,NA,NA,NA,NA,NA,NA,NA,NA,NA,NA,NA,NA,NA,NA,NA,NA,NA,NA,NA,NA,NA,NA,NA,NA,NA,NA,NA,NA,NA,NA,NA,NA,NA,NA,NA,NA,NA,NA,NA,NA,NA,NA,NA,NA,NA,NA,NA,NA,NA,NA,NA,NA,NA,NA,NA,NA,NA,NA,NA,NA,NA,NA,NA,NA,NA,NA,NA,NA,NA,NA,NA,NA,NA,NA,NA,NA,NA,NA,NA,NA,NA,NA,NA,NA,NA,NA,NA,NA,NA,NA,NA,NA,NA,NA,NA,NA,NA,NA,NA,NA,NA,NA,NA,NA,NA,NA,NA,NA,NA,NA,NA,NA,NA,NA,NA,NA,NA,NA,NA,NA,NA,NA,NA,NA,NA,NA,NA,NA,NA,NA,NA,NA,NA,NA,NA,NA,NA,NA,NA,NA,NA,NA,NA,NA,NA,NA,NA,NA,NA,NA,NA,NA,NA,NA,NA,NA,NA,NA,NA,NA,NA,NA,NA,NA,NA,NA,NA,NA
"39","Line",NA,NA,1984,1984,1984,1984,1984,1984,1984,1984,1984,1984,1984,1984,1985,1985,1985,1985,1985,1985,1985,1985,1985,1985,1985,1985,1986,1986,1986,1986,1986,1986,1986,1986,1986,1986,1986,1986,1987,1987,1987,1987,1987,1987,1987,1987,1987,1987,1987,1987,1988,1988,1988,1988,1988,1988,1988,1988,1988,1988,1988,1988,1989,1989,1989,1989,1989,1989,1989,1989,1989,1989,1989,1989,1990,1990,1990,1990,1990,1990,1990,1990,1990,1990,1990,1990,1991,1991,1991,1991,1991,1991,1991,1991,1991,1991,1991,1991,1992,1992,1992,1992,1992,1992,1992,1992,1992,1992,1992,1992,1993,1993,1993,1993,1993,1993,1993,1993,1993,1993,1993,1993,1994,1994,1994,1994,1994,1994,1994,1994,1994,1994,1994,1994,1995,1995,1995,1995,1995,1995,1995,1995,1995,1995,1995,1995,1996,1996,1996,1996,1996,1996,1996,1996,1996,1996,1996,1996,1997,1997,1997,1997,1997,1997,1997,1997,1997,1997,1997,1997,NA,NA,NA,NA,NA,NA,NA,NA,NA,NA,NA,NA,NA,NA,NA,NA,NA,NA,NA,NA,NA,NA,NA,NA,NA,NA,NA,NA,NA,NA,NA,NA,NA,NA,NA,NA
"40",NA,NA,NA,1,2,3,4,5,6,7,8,9,10,11,12,1,2,3,4,5,6,7,8,9,10,11,12,1,2,3,4,5,6,7,8,9,10,11,12,1,2,3,4,5,6,7,8,9,10,11,12,1,2,3,4,5,6,7,8,9,10,11,12,1,2,3,4,5,6,7,8,9,10,11,12,1,2,3,4,5,6,7,8,9,10,11,12,1,2,3,4,5,6,7,8,9,10,11,12,1,2,3,4,5,6,7,8,9,10,11,12,1,2,3,4,5,6,7,8,9,10,11,12,1,2,3,4,5,6,7,8,9,10,11,12,1,2,3,4,5,6,7,8,9,10,11,12,1,2,3,4,5,6,7,8,9,10,11,12,1,2,3,4,5,6,7,8,9,10,11,12,NA,NA,NA,NA,NA,NA,NA,NA,NA,NA,NA,NA,NA,NA,NA,NA,NA,NA,NA,NA,NA,NA,NA,NA,NA,NA,NA,NA,NA,NA,NA,NA,NA,NA,NA,NA
"41",NA,"   Materials and supplies"," ",NA,NA,NA,NA,NA,NA,NA,NA,NA,NA,NA,NA,NA,NA,NA,NA,NA,NA,NA,NA,NA,NA,NA,NA,NA,NA,NA,NA,NA,NA,NA,NA,NA,NA,NA,NA,NA,NA,NA,NA,NA,NA,NA,NA,NA,NA,NA,NA,NA,NA,NA,NA,NA,NA,NA,NA,NA,NA,NA,NA,NA,NA,NA,NA,NA,NA,NA,NA,NA,NA,NA,NA,NA,NA,NA,NA,NA,NA,NA,NA,NA,NA,NA,NA,NA,NA,NA,NA,NA,NA,NA,NA,NA,NA,NA,NA,NA,NA,NA,NA,NA,NA,NA,NA,NA,NA,NA,NA,NA,NA,NA,NA,NA,NA,NA,NA,NA,NA,NA,NA,NA,NA,NA,NA,NA,NA,NA,NA,NA,NA,NA,NA,NA,NA,NA,NA,NA,NA,NA,NA,NA,NA,NA,NA,NA,NA,NA,NA,NA,NA,NA,NA,NA,NA,NA,NA,NA,NA,NA,NA,NA,NA,NA,NA,NA,NA,NA,NA,NA,NA,NA,NA,NA,NA,NA,NA,NA,NA,NA,NA,NA,NA,NA,NA,NA,NA,NA,NA,NA,NA,NA,NA,NA,NA,NA,NA,NA,NA,NA,NA,NA,NA,NA,NA
"42","1","Manufacturing","STMM0",111024,111948,112865,112777,114806,115172,116853,117542,118396,118720,117958,117120,116375,116437,115938,116200,115423,115781,114893,114813,114005,114411,113430,114512,112868,112819,112764,113209,113001,113293,113671,112825,112889,112725,112792,113921,113722,113530,113769,114686,115051,115263,114661,113955,115163,115103,115275,115972,116109,116377,117595,117573,118094,118747,118807,119573,120135,120077,119904,119948,120463,120996,121253,120958,120937,121286,122147,122680,122241,122588,122970,122156,122485,122602,122740,122909,123176,122824,123659,123055,123153,123937,124429,124593,125700,125822,125470,124842,124191,123543,123801,123782,124276,124643,124508,125169,125099,124791,124550,124359,124461,125429,125322,125603,126102,125068,124664,125272,125246,125185,125785,126262,127027,127077,127175,127839,127809,127958,128742,128754,127511,127914,128412,128741,129416,129887,130752,131050,131848,131975,132661,133625,133589,134351,135164,135804,136510,137336,137908,138683,138770,139830,140188,139884,141073,141691,141433,141849,141483,140222,141455,141532,141909,142066,142491,142124,142915,143432,144855,145417,146499,146892,147533,148126,150000,151353,150366,151732,NA,NA,NA,NA,NA,NA,NA,NA,NA,NA,NA,NA,NA,NA,NA,NA,NA,NA,NA,NA,NA,NA,NA,NA,NA,NA,NA,NA,NA,NA,NA,NA,NA,NA,NA,NA
"43","2"," Durable goods","STMDM0",59041,59581,60371,60321,61421,61871,62915,63730,64143,64502,63902,63850,63315,63283,63047,63198,62576,62755,62491,62399,62111,62225,61712,62063,60819,60625,60650,60895,60847,60945,60862,60306,60660,60404,60616,60909,60849,60749,60835,61330,61472,61553,61012,60398,60844,60973,61133,61482,61553,61615,62189,62217,62592,62895,63271,63752,63960,63792,63727,63929,64616,65067,65443,65185,65155,65237,65897,66012,65779,65996,65931,65522,65906,65770,65561,65775,65967,65755,66295,65684,65723,66333,66537,66877,67148,67319,66991,66409,65930,65296,65300,65413,65719,65844,65731,65744,65827,65480,65158,65003,65064,65704,65221,65637,65967,64947,64894,65063,64869,65070,65520,65648,66178,65992,66391,66913,66940,67102,67470,67712,66992,67338,67478,67827,68261,68637,69255,69471,69834,70011,70779,71211,71093,71691,71775,72426,72970,73413,74093,74935,75056,76567,76673,76723,77820,78495,78713,79126,79148,78276,79470,79582,79904,79608,79986,79808,80124,80239,81398,81826,82626,83254,84107,84668,85911,86824,86460,87229,NA,NA,NA,NA,NA,NA,NA,NA,NA,NA,NA,NA,NA,NA,NA,NA,NA,NA,NA,NA,NA,NA,NA,NA,NA,NA,NA,NA,NA,NA,NA,NA,NA,NA,NA,NA
"44","3","  Lumber & wood products","ST24M0",4278,4331,4342,4281,4351,4368,4469,4535,4618,4505,4460,4446,4454,4373,4397,4357,4294,4265,4307,4230,4299,4204,4397,4449,4495,4501,4491,4516,4446,4488,4445,4469,4572,4618,4527,4559,4570,4591,4564,4627,4788,4733,4494,4542,4359,4230,4363,4416,4575,4573,4568,4570,4590,4625,4921,4539,4445,4450,4498,4474,4419,4448,4471,4462,4402,4433,4494,4517,4557,4552,4499,4345,4173,4092,4198,4265,4250,4230,4201,4189,4253,4101,4105,4328,4320,4399,4391,4318,4122,4040,4008,4096,4115,4035,4071,4106,4124,4136,4167,4221,4380,4354,4353,4243,4221,4206,4096,4067,3902,4010,3964,4084,4099,4218,4274,4385,4500,4553,4603,4556,4575,4619,4644,4680,4716,4779,4723,4739,4669,4602,4540,4514,4449,4400,4288,4254,4280,4240,4398,4452,4479,4586,4684,4611,4579,4629,4766,4563,4577,4556,4592,4524,4490,4412,4452,4527,4401,4404,4403,4488,4453,4440,4411,4461,4602,4637,4659,4717,NA,NA,NA,NA,NA,NA,NA,NA,NA,NA,NA,NA,NA,NA,NA,NA,NA,NA,NA,NA,NA,NA,NA,NA,NA,NA,NA,NA,NA,NA,NA,NA,NA,NA,NA,NA
"45","4","  Furniture & fixtures","ST25M0",2490,2515,2556,2623,2602,2595,2620,2644,2679,2683,2726,2749,2831,2823,2822,2849,2830,2792,2780,2733,2740,2746,2697,2808,2763,2754,2719,2655,2655,2696,2742,2774,2658,2710,2701,2809,2779,2764,2800,2838,2882,2873,2874,2891,2925,2907,2944,2989,3019,3091,3165,3036,3055,3130,3127,3114,3122,3116,3094,3035,3035,3045,3049,3087,3118,3100,3136,3144,3144,3151,3161,3092,3110,3085,3070,3088,3109,3114,3099,3078,3043,3085,3089,3062,3055,3019,3027,2964,2922,2861,2862,2839,2848,2841,2850,2892,2923,2902,2870,2882,2885,2907,2869,2819,2913,2782,2844,2899,2890,2954,2873,2895,2919,2943,2953,2982,2971,2988,2999,2947,2965,2981,3005,3000,3013,3017,3045,3111,3106,3105,3090,3097,3114,3131,3161,3156,3084,3097,3100,3075,3025,3035,3008,3042,3045,3038,2995,3025,2995,2971,3021,3027,3020,3019,3097,3032,3014,3008,3023,3026,3142,3135,3108,3099,3130,3135,3161,3171,NA,NA,NA,NA,NA,NA,NA,NA,NA,NA,NA,NA,NA,NA,NA,NA,NA,NA,NA,NA,NA,NA,NA,NA,NA,NA,NA,NA,NA,NA,NA,NA,NA,NA,NA,NA
"46","5","  Stone clay glass prod.","ST32M0",2814,2826,2851,2869,2953,2950,2998,3058,3090,3088,3072,3054,3002,3010,2988,3022,3030,3063,3074,3029,3041,2972,3031,2996,2985,2967,2956,3021,3001,3005,3001,3054,2964,2991,2964,2974,3036,3006,3026,2973,2975,2944,2944,2938,2897,2879,2909,2942,2932,2970,2953,2968,3016,2973,2994,2977,2978,2947,2970,2955,2968,3004,3026,3022,3018,2965,2981,2964,2973,2931,3040,3003,2993,2971,2959,2990,3026,3011,3008,3013,3024,3069,3034,3056,3058,3084,3041,3024,2986,3030,3039,3029,3014,3007,3009,3022,3011,2986,2953,2923,2919,2954,2961,2988,2970,2953,2989,3003,2917,2909,2912,2906,2889,2921,2906,2884,2883,2861,2865,2866,2907,2893,2945,2927,2944,2880,2906,2892,2965,2949,2955,2980,3000,3003,3043,3073,3110,3140,3146,3188,3191,3160,3177,3086,3118,3146,3148,3129,3141,3123,3141,3175,3153,3204,3186,3171,3196,3235,3210,3280,3259,3259,3287,3247,3269,3300,3304,3327,NA,NA,NA,NA,NA,NA,NA,NA,NA,NA,NA,NA,NA,NA,NA,NA,NA,NA,NA,NA,NA,NA,NA,NA,NA,NA,NA,NA,NA,NA,NA,NA,NA,NA,NA,NA
"47","6","  Primary metals","ST33M0",8384,8398,8551,8505,8634,8699,8831,8996,9120,8987,8839,8508,8213,8060,7883,7839,7874,7824,7721,7717,7652,7665,7442,7270,7181,7184,7011,7027,7012,6946,7048,6704,6675,6704,6725,6800,6745,6629,6559,6561,6344,6326,6340,6308,6301,6358,6437,6522,6582,6685,6869,6817,6849,6869,6917,6925,6952,6917,6932,7043,7045,7100,7109,7156,7206,7246,7247,7364,7342,7246,7257,7193,7259,7252,7169,7145,7168,7131,7245,7154,7100,7189,7112,7080,7131,7212,7156,7095,7084,6984,6878,6954,7062,7126,7010,6961,6841,6769,6783,6774,6687,6796,6729,6730,6786,6756,6782,6874,6897,6841,6915,6978,6946,7010,7022,6992,6852,6804,6847,6962,6733,6699,6766,6793,6888,6877,6860,6867,6932,6979,6986,7048,7108,7190,7067,6992,6980,6999,6980,6994,6873,6844,6871,6774,6816,6844,6817,6848,6939,6855,6877,6866,7086,7074,7144,7111,6970,7089,7135,7149,7178,7185,7225,7321,7365,7545,7442,7516,NA,NA,NA,NA,NA,NA,NA,NA,NA,NA,NA,NA,NA,NA,NA,NA,NA,NA,NA,NA,NA,NA,NA,NA,NA,NA,NA,NA,NA,NA,NA,NA,NA,NA,NA,NA
"48","7","  Fabricated metals","ST34M0",9215,9331,9410,9487,9551,9665,9691,9688,9738,9788,9842,9762,9493,9403,9534,9525,9277,9305,9107,9357,9356,9672,9375,9451,9343,9422,9495,9470,9541,9778,9620,9435,9364,9299,9294,9317,9303,9274,9253,9328,9285,9301,9192,9138,9357,9335,9191,9549,9622,9663,9542,9722,9693,9703,9693,9891,9756,9704,9817,9791,10058,10056,10174,10035,9959,9810,10011,10088,9985,9951,9833,9662,9868,9804,9707,9762,9718,9544,9685,9666,9635,9757,9561,9431,9572,9684,9649,9511,9233,9129,9129,9157,9160,9261,9297,9014,9118,8937,8922,8886,9273,9142,9205,9243,9137,9018,9044,9102,8860,8893,9078,8657,8672,8805,8802,8961,9089,8898,9072,9397,9067,9133,8981,8991,9081,9234,9406,9392,9608,9675,9746,9857,9807,9779,9848,10027,10134,10119,10168,10091,9847,9873,9829,9718,9908,10118,10149,10199,10166,9938,10066,10116,10026,10193,10167,10171,10213,10168,10339,10271,10293,10316,10397,10434,10429,10420,10492,10676,NA,NA,NA,NA,NA,NA,NA,NA,NA,NA,NA,NA,NA,NA,NA,NA,NA,NA,NA,NA,NA,NA,NA,NA,NA,NA,NA,NA,NA,NA,NA,NA,NA,NA,NA,NA
"49","8","  Industrial machinery","ST35M0",9269,9301,9381,9426,9563,9487,9816,9880,9995,9757,9673,9758,9782,9736,9741,9775,9739,9773,9704,9680,9460,9491,9441,9306,9146,9127,8894,8969,8910,8963,8859,8921,9008,8904,8970,8997,9002,8979,9007,9147,9157,9252,9181,9164,9181,9310,9391,9467,9403,9539,9664,9721,9813,9819,10038,10165,10324,10409,10220,10214,10473,10499,10611,10498,10539,10538,10632,10639,10667,10857,10736,10548,10711,10709,10578,10564,10591,10652,10598,10535,10589,10688,10738,10769,10917,10760,10857,10817,10713,10550,10561,10509,10443,10338,10264,10318,10323,10220,10173,9986,9936,10222,10160,10371,10686,10528,10556,10793,11027,11037,11060,11297,11551,11509,11543,11485,11537,11725,11873,11873,11667,11858,11995,12232,12340,12573,12759,13053,13009,12910,13342,13367,13225,13611,13785,13991,14226,14065,14325,14660,15022,15704,15820,16010,16321,16457,16433,16674,16811,16469,16899,17069,16910,16324,16553,16446,16691,16656,16876,16905,17158,17359,17552,17634,17796,18064,18169,18162,NA,NA,NA,NA,NA,NA,NA,NA,NA,NA,NA,NA,NA,NA,NA,NA,NA,NA,NA,NA,NA,NA,NA,NA,NA,NA,NA,NA,NA,NA,NA,NA,NA,NA,NA,NA
"50","9","  Electronic machinery","ST36M0",6512,6631,6658,6751,6838,6974,7062,7214,7292,7396,7485,7502,7531,7594,7573,7493,7436,7375,7379,7362,7247,7207,7149,7155,7014,7012,7041,7039,7070,7147,7110,7027,7062,6951,6927,6870,6983,6956,6929,7044,7113,7156,7105,7090,7034,6984,6932,7047,6959,6957,6958,6972,6989,6986,6979,7041,7049,7099,7173,7150,7171,7274,7262,7279,7233,7264,7399,7399,7531,7585,7644,7691,7781,7758,7765,7731,7718,7647,7716,7616,7586,7612,7653,7486,7401,7477,7451,7461,7535,7537,7579,7717,7720,7722,7752,7854,7851,7888,7874,7903,7920,7964,7835,7928,7933,7887,7988,8112,8110,8135,8217,8231,8328,8346,8441,8507,8631,8608,8711,8648,8823,8931,9026,9083,9193,9282,9401,9430,9457,9659,9736,9965,10223,10394,10533,10627,10634,11031,11188,11561,11706,11935,11655,11671,11699,11813,11784,12005,11993,12044,12054,12093,12206,12363,12443,12496,12451,12573,12992,13109,13377,13644,13856,13876,14236,14487,14533,14506,NA,NA,NA,NA,NA,NA,NA,NA,NA,NA,NA,NA,NA,NA,NA,NA,NA,NA,NA,NA,NA,NA,NA,NA,NA,NA,NA,NA,NA,NA,NA,NA,NA,NA,NA,NA
"51","10","  Transportation","ST37M0",13254,13345,13657,13217,13595,13637,13723,14032,13967,14841,14119,14378,14030,14169,13899,14206,13884,14219,14266,14215,14508,14433,14421,15106,14415,14222,14705,14866,14928,14693,14915,14701,15184,15187,15457,15411,15287,15393,15536,15519,15565,15346,15070,14400,15019,15148,15099,14776,14810,14440,14809,14772,14831,15204,15015,15255,15341,14922,14702,14814,14685,14929,15019,14876,14840,14934,14956,14882,14517,14518,14570,14918,14685,14600,14531,14718,14917,14970,15480,15052,15072,15351,15766,16483,16672,16645,16262,15998,15971,15660,15738,15479,15677,15879,15818,15575,15640,15530,15361,15305,14915,15093,14851,14958,14883,14326,14168,13654,13576,13727,13974,13934,14029,13561,13685,13991,13714,13878,13692,13630,13324,13309,13120,13188,13170,13103,13216,13054,13145,13037,13174,13010,12880,12742,12659,12783,12940,12980,12967,12973,12843,13177,13391,13515,13965,13939,14083,13919,13740,13463,13948,13664,13674,13736,13696,13492,13753,13614,13692,13918,13927,13900,14115,14269,14626,14650,14076,14417,NA,NA,NA,NA,NA,NA,NA,NA,NA,NA,NA,NA,NA,NA,NA,NA,NA,NA,NA,NA,NA,NA,NA,NA,NA,NA,NA,NA,NA,NA,NA,NA,NA,NA,NA,NA
"52","11","    Motor vehicles","ST371M0",5479,5532,5680,5559,5733,5772,5757,5883,5932,6272,6057,6130,5946,6012,6020,6058,5984,6101,6181,6141,6177,6116,6118,6289,6079,5935,5948,5964,5951,5780,5769,5704,5795,5738,5734,5680,5571,5714,5758,5681,5704,5648,5570,5320,5558,5688,5618,5654,5668,5541,5454,5519,5574,5573,5420,5581,5692,5349,5374,5375,5429,5440,5583,5616,5600,5525,5745,5743,5365,5514,5482,5381,5646,5502,5391,5404,5493,5580,5647,5479,5352,5517,5719,5878,6156,6130,5942,5844,5713,5742,5605,5554,5676,5903,5843,5990,5935,5828,6060,6127,6129,6177,6099,6386,6386,6293,6103,6172,6026,6079,6116,6177,6131,6252,6273,6593,6606,6664,6608,6504,6361,6594,6575,6648,6891,6848,6749,6808,6998,6923,7008,7056,6963,6923,6902,6913,6901,6998,7132,7053,6992,7072,7001,7313,7665,7530,7796,7484,7417,7299,7307,7028,7107,7239,7198,7247,7171,7293,7388,7512,7639,7469,7724,7763,7424,7591,7548,7465,NA,NA,NA,NA,NA,NA,NA,NA,NA,NA,NA,NA,NA,NA,NA,NA,NA,NA,NA,NA,NA,NA,NA,NA,NA,NA,NA,NA,NA,NA,NA,NA,NA,NA,NA,NA
"53","12","    Other","ST37XM0",7845,7882,8045,7716,7919,7919,8028,8213,8089,8631,8110,8302,8142,8214,7919,8200,7944,8166,8126,8118,8387,8375,8362,8893,8399,8356,8852,9003,9084,9028,9274,9121,9529,9595,9887,9898,9889,9840,9942,10011,10035,9865,9661,9235,9620,9610,9638,9255,9276,9027,9515,9403,9404,9798,9769,9843,9809,9750,9491,9608,9412,9657,9593,9406,9386,9569,9348,9273,9308,9144,9234,9711,9175,9243,9294,9475,9587,9546,10007,9744,9904,10015,10229,10804,10698,10698,10504,10334,10447,10092,10321,10106,10180,10147,10148,9739,9865,9865,9444,9315,8910,9043,8876,8683,8606,8131,8167,7566,7639,7738,7953,7848,7994,7387,7493,7471,7174,7282,7148,7194,7029,6769,6596,6589,6318,6294,6513,6285,6179,6148,6199,5981,5944,5845,5781,5897,6071,6011,5857,5946,5876,6136,6427,6230,6325,6439,6310,6465,6352,6191,6677,6676,6605,6532,6534,6275,6622,6359,6348,6440,6323,6469,6412,6542,7235,7101,6567,6994,NA,NA,NA,NA,NA,NA,NA,NA,NA,NA,NA,NA,NA,NA,NA,NA,NA,NA,NA,NA,NA,NA,NA,NA,NA,NA,NA,NA,NA,NA,NA,NA,NA,NA,NA,NA
"54","13","  Instruments","ST38M0",3129,3278,3359,3380,3536,3645,3686,3716,3668,3699,3698,3661,3706,3759,3738,3739,3732,3742,3753,3710,3685,3717,3653,3685,3613,3567,3642,3625,3615,3605,3605,3576,3574,3545,3555,3600,3553,3544,3546,3597,3637,3640,3659,3687,3712,3712,3774,3698,3716,3683,3688,3664,3641,3674,3676,3749,3782,3828,3909,4020,4161,4188,4218,4255,4294,4352,4379,4383,4300,4326,4321,4280,4360,4411,4482,4487,4482,4477,4445,4466,4499,4612,4579,4515,4489,4496,4517,4505,4519,4568,4583,4613,4653,4679,4706,4850,4844,4904,4821,4857,4895,4939,4927,4967,5007,4982,4926,4936,4920,4857,4879,4886,4880,4848,4883,4867,4868,4836,4835,4880,4871,4840,4874,4866,4891,4884,4876,4927,4913,4984,5030,5148,5005,5090,5102,5167,5229,5315,5382,5437,5528,5658,5706,5725,5819,5943,6026,6167,6157,6200,6316,6368,6503,6449,6338,6520,6547,6594,6769,6745,6857,6984,7072,7146,7276,7391,7401,7446,NA,NA,NA,NA,NA,NA,NA,NA,NA,NA,NA,NA,NA,NA,NA,NA,NA,NA,NA,NA,NA,NA,NA,NA,NA,NA,NA,NA,NA,NA,NA,NA,NA,NA,NA,NA
"55","14","  Other manufacturing","ST39M0",2227,2063,2108,2127,2145,2216,2286,2322,2355,2432,2489,2481,2477,2508,2589,2578,2528,2495,2499,2485,2502,2453,2512,2476,2454,2468,2427,2470,2442,2354,2324,2345,2321,2350,2327,2467,2456,2501,2523,2524,2550,2726,2765,2690,2591,2586,2554,2563,2543,2560,2569,2544,2745,2599,2605,2649,2662,2670,2668,2637,2656,2598,2594,2557,2534,2537,2613,2584,2624,2628,2653,2580,2583,2634,2647,2668,2679,2639,2598,2637,2637,2542,2615,2645,2554,2633,2613,2580,2576,2575,2526,2584,2647,2608,2592,2649,2670,2652,2691,2737,2747,2779,2786,2758,2717,2713,2664,2670,2702,2695,2653,2713,2762,2721,2763,2811,2780,2827,2820,2850,2853,2834,2814,2724,2658,2596,2657,2527,2612,2642,2675,2654,2674,2647,2533,2597,2590,2604,2581,2563,2515,2526,2518,2535,2538,2540,2499,2494,2509,2497,2414,2513,2638,2647,2727,2612,2633,2633,2641,2614,2622,2649,2646,2709,2684,2681,2682,2750,NA,NA,NA,NA,NA,NA,NA,NA,NA,NA,NA,NA,NA,NA,NA,NA,NA,NA,NA,NA,NA,NA,NA,NA,NA,NA,NA,NA,NA,NA,NA,NA,NA,NA,NA,NA
"56","15"," Nondurable goods","STMNM0",52349,52724,52772,52735,53665,53511,54111,53858,54313,54225,54120,53210,53040,53154,52879,52987,52896,53080,52386,52414,51845,52171,51697,52502,52213,52415,52318,52515,52331,52546,53113,52858,52448,52600,52392,53339,53186,53094,53263,53688,53930,54073,54078,54055,54884,54646,54637,54996,55063,55295,55967,55904,56022,56388,55972,56238,56619,56769,56651,56441,56150,56186,56000,55991,56007,56305,56453,56921,56713,56835,57360,56945,56837,57141,57561,57484,57545,57408,57681,57755,57817,57952,58251,58023,58928,58854,58861,58868,58722,58771,59055,58894,59072,59329,59313,60036,59857,59936,60060,60035,60074,60379,60842,60654,60811,60889,60505,60978,61183,60872,60998,61374,61587,61866,61494,61603,61538,61508,61937,61657,61141,61171,61557,61502,61731,61803,62023,62095,62545,62475,62329,62877,62970,63104,63879,63827,63966,64346,64198,64087,64042,63508,63764,63387,63443,63363,62860,62850,62445,62068,62070,62030,62077,62558,62596,62405,62871,63259,63530,63654,63930,63696,63460,63489,64126,64570,63962,64548,NA,NA,NA,NA,NA,NA,NA,NA,NA,NA,NA,NA,NA,NA,NA,NA,NA,NA,NA,NA,NA,NA,NA,NA,NA,NA,NA,NA,NA,NA,NA,NA,NA,NA,NA,NA
"57","16","  Food and kindred product","ST20M0",9599,9745,9589,9511,9690,9392,9331,9203,9306,9383,9407,9463,9430,9547,9436,9496,9455,9703,9656,9767,9642,9869,9613,9737,9679,9511,9521,9635,9553,9694,9953,10013,9756,9833,9815,9798,9919,9912,9943,10066,10160,10169,10115,9947,10486,10234,10259,10278,10255,10325,10389,10411,10549,10629,10114,10256,10413,10406,10401,10353,10403,10254,10249,10315,10046,10040,10107,10189,10163,10188,10356,10405,10272,10363,10371,10367,10451,10384,10474,10668,10715,10874,11006,10718,10849,10830,10860,10984,11027,11090,11229,11099,11283,11144,10998,11234,11262,11471,11523,11562,11609,11490,11576,11559,11450,11545,11406,11451,11508,11443,11426,11577,11536,11756,11624,11522,11374,11293,11228,11289,11207,11072,11203,11260,11311,11423,11407,11530,11674,11782,11725,11541,11590,11606,11599,11399,11454,11576,11619,11538,11627,11533,11550,11487,11432,11413,11323,11347,11207,10822,10966,10907,10908,11083,11111,11077,11069,11206,11169,11065,11091,11191,11196,11232,11451,11545,11302,11367,NA,NA,NA,NA,NA,NA,NA,NA,NA,NA,NA,NA,NA,NA,NA,NA,NA,NA,NA,NA,NA,NA,NA,NA,NA,NA,NA,NA,NA,NA,NA,NA,NA,NA,NA,NA
"58","17","  Tobacco products","ST21M0",6565,6473,6356,6286,6280,6233,6247,6376,6457,6438,6406,6318,6301,6227,6092,5994,6003,5929,5856,5798,5843,5819,5619,5784,5702,5711,5704,5637,5574,5445,5327,5212,5163,5143,5152,5616,5548,5578,5625,5661,5757,5893,5808,5714,5697,5517,5464,5437,5433,5406,5411,5362,5299,5295,5295,5294,5277,5387,5303,5247,4961,5079,5073,5106,5159,5211,5231,5298,5398,5498,5574,5576,5581,5605,5619,5628,5571,5522,5519,5525,5489,5523,5667,5538,5567,5601,5654,5689,5671,5710,5725,5723,5706,5703,5684,5842,5796,5818,5800,5768,5774,5936,5947,5912,6092,5933,5877,5955,5905,5908,5907,5870,5884,5923,5826,5854,5985,5928,5961,5777,5649,5609,5723,5649,5641,5630,5502,5416,5373,5257,5216,5253,5228,5279,5274,5359,5346,5339,5387,5395,5497,5452,5439,5492,5527,5546,5556,5446,5454,5471,5410,5508,5527,5526,5521,5643,5663,5711,5719,5798,5777,5796,5784,5721,5753,5774,5704,5604,NA,NA,NA,NA,NA,NA,NA,NA,NA,NA,NA,NA,NA,NA,NA,NA,NA,NA,NA,NA,NA,NA,NA,NA,NA,NA,NA,NA,NA,NA,NA,NA,NA,NA,NA,NA
"59","18","  Textile mill products","ST22M0",2331,2364,2353,2343,2376,2402,2362,2319,2302,2272,2241,2183,2192,2226,2166,2122,2097,2074,2090,2090,2105,2117,2112,2143,2147,2174,2242,2284,2254,2377,2228,2228,2148,2189,2209,2265,2202,2304,2287,2336,2355,2338,2319,2396,2450,2454,2479,2449,2492,2471,2502,2487,2456,2450,2469,2428,2439,2404,2426,2431,2307,2331,2316,2343,2408,2421,2472,2491,2440,2462,2413,2410,2402,2399,2405,2474,2412,2423,2398,2422,2462,2461,2456,2444,2507,2489,2459,2414,2419,2412,2420,2430,2444,2529,2522,2562,2618,2610,2615,2622,2617,2655,2709,2658,2670,2611,2564,2606,2563,2592,2573,2503,2596,2599,2584,2599,2623,2655,2666,2676,2678,2700,2796,2785,2822,2799,2828,2841,2843,2859,2910,2893,2868,2806,2821,2849,2856,2865,2826,2806,2811,2785,2784,2765,2750,2757,2668,2680,2693,2679,2682,2704,2708,2791,2834,2840,2868,2928,2984,2968,2923,2933,2933,2953,2953,2945,2926,2947,NA,NA,NA,NA,NA,NA,NA,NA,NA,NA,NA,NA,NA,NA,NA,NA,NA,NA,NA,NA,NA,NA,NA,NA,NA,NA,NA,NA,NA,NA,NA,NA,NA,NA,NA,NA
"60","19","  Apparel products","ST23M0",3083,3153,3243,3240,3271,3316,3318,3323,3319,3338,3308,3264,3314,3270,3181,3238,3245,3287,3232,3214,3196,3192,3085,3330,3255,3297,3289,3281,3240,3214,3281,3220,3275,3258,3317,3297,3308,3332,3263,3374,3359,3449,3378,3457,3463,3478,3434,3479,3541,3532,3533,3536,3622,3547,3542,3557,3512,3505,3536,3432,3348,3332,3403,3367,3426,3425,3482,3479,3450,3443,3436,3267,3400,3359,3367,3271,3206,3197,3202,3119,3105,3046,3051,3126,3032,3040,2996,3036,3051,3022,3092,3207,3272,3376,3424,3548,3657,3629,3623,3563,3567,3583,3607,3556,3575,3527,3516,3577,3573,3616,3760,3863,3880,3951,3972,4043,4098,4247,4316,4395,4331,4343,4294,4337,4385,4433,4472,4474,4535,4523,4554,4466,4506,4568,4664,4612,4680,4606,4470,4492,4482,4418,4487,4445,4394,4260,4161,4050,3975,3885,3848,3744,3632,3624,3452,3368,3412,3445,3438,3472,3486,3459,3443,3453,3431,3424,3373,3372,NA,NA,NA,NA,NA,NA,NA,NA,NA,NA,NA,NA,NA,NA,NA,NA,NA,NA,NA,NA,NA,NA,NA,NA,NA,NA,NA,NA,NA,NA,NA,NA,NA,NA,NA,NA
"61","20","  Paper & allied products","ST26M0",6186,6248,6330,6393,6510,6666,6648,6650,6729,6723,6763,6695,6664,6627,6643,6624,6635,6557,6457,6573,6445,6553,6615,6658,6748,6811,6915,6850,6872,6875,6981,6939,6924,6901,6923,6935,6894,7042,7151,7146,7158,7189,7207,7226,7263,7241,7141,7305,7282,7240,7264,7261,7298,7338,7342,7422,7448,7442,7444,7435,7409,7324,7277,7212,7286,7387,7481,7554,7560,7575,7629,7562,7619,7624,7586,7629,7670,7720,7668,7576,7599,7511,7649,7642,7733,7749,7724,7761,7714,7684,7712,7596,7709,7831,7857,7993,8071,8042,8060,8071,8124,8031,8053,8054,8021,8080,8112,7994,8047,8033,8062,8018,7942,7960,7962,7917,7953,7933,7909,7914,7797,7797,7914,7875,7906,7940,7993,8042,8090,8030,8029,8050,8106,8160,8201,8213,8268,8420,8393,8349,8330,8313,8316,8170,8082,8146,8116,8247,8170,8099,8097,8144,8103,8119,8117,8117,8211,8274,8375,8289,8295,8070,8073,8052,8121,8209,8207,8340,NA,NA,NA,NA,NA,NA,NA,NA,NA,NA,NA,NA,NA,NA,NA,NA,NA,NA,NA,NA,NA,NA,NA,NA,NA,NA,NA,NA,NA,NA,NA,NA,NA,NA,NA,NA
"62","21","  Printing & publishing","ST27M0",4686,4713,4712,4742,4891,4959,5135,5203,5310,5314,5391,5150,5236,5472,5477,5449,5409,5464,5355,5439,5446,5458,5128,4963,4879,4918,4841,4864,4882,4767,4899,4835,4777,4749,4774,4868,4953,4857,4877,4918,4844,4812,4783,4835,4816,4889,4946,5054,4963,5006,5077,5217,5194,5249,5311,5317,5433,5437,5316,5445,5472,5499,5361,5364,5442,5380,5387,5335,5240,5341,5289,5175,5141,5137,5181,5114,5179,5172,5198,5287,5245,5269,5357,5279,5654,5612,5597,5425,5334,5246,5142,5029,5026,4979,4991,4922,4772,4710,4663,4641,4625,4623,4616,4696,4746,4816,4829,4825,4876,4878,4873,4947,4966,5067,4992,5003,4916,4879,4796,4680,4568,4519,4542,4535,4505,4522,4493,4479,4553,4507,4539,4836,4880,4922,5054,5171,5252,5231,5325,5364,5317,5239,5170,5104,5222,5211,5068,5009,4979,4956,4939,4935,4800,4864,5051,4888,4915,4966,4999,5062,5114,5066,4931,4918,4931,4993,4906,5209,NA,NA,NA,NA,NA,NA,NA,NA,NA,NA,NA,NA,NA,NA,NA,NA,NA,NA,NA,NA,NA,NA,NA,NA,NA,NA,NA,NA,NA,NA,NA,NA,NA,NA,NA,NA
"63","22","  Chemical & allied produc","ST28M0",10586,10653,10718,10798,11139,11068,11109,11224,11056,11278,11101,10967,10992,10980,11051,11161,11132,11201,11074,11026,10970,10977,11046,11007,10936,10909,10664,10762,11040,11294,11589,11477,11530,11584,11358,11571,11474,11205,11350,11360,11330,11173,11427,11288,11425,11471,11497,11611,11701,11930,11976,11855,11677,11946,11872,11946,11936,11958,12010,12044,12019,12152,12244,12268,12281,12339,12261,12386,12512,12455,12627,12543,12416,12617,12610,12634,12738,12690,12829,12880,12938,13066,12972,13020,13184,13134,13137,13204,13135,13215,13234,13321,13123,13183,13119,13140,13088,13124,13226,13228,13112,13409,13387,13374,13384,13548,13469,13557,13683,13450,13538,13620,13678,13526,13477,13533,13569,13425,13630,13577,13633,13716,13652,13687,13698,13560,13730,13691,13666,13684,13660,13913,13746,13709,13795,13804,13858,14011,14023,14048,13979,14100,14273,14182,14259,14208,14250,14355,14397,14438,14323,14301,14555,14633,14646,14637,14660,14843,14875,15050,15087,15210,15282,15271,15554,15535,15532,15414,NA,NA,NA,NA,NA,NA,NA,NA,NA,NA,NA,NA,NA,NA,NA,NA,NA,NA,NA,NA,NA,NA,NA,NA,NA,NA,NA,NA,NA,NA,NA,NA,NA,NA,NA,NA
"64","23","  Petroleum products","ST29M0",4223,4109,4175,4154,4141,4277,4559,4229,4472,4382,4288,4077,4036,3913,3957,4004,4058,3874,3809,3663,3402,3488,3681,3815,3813,3985,3959,4188,3875,3853,3973,4024,3895,4043,3889,3979,3754,3723,3653,3593,3622,3652,3645,3758,3886,3924,4004,3994,4009,4110,4499,4293,4425,4475,4461,4467,4547,4602,4519,4350,4400,4368,4256,4305,4190,4372,4190,4432,4138,4045,4268,4318,4377,4301,4738,4695,4599,4603,4588,4296,4190,4115,4059,4331,4406,4520,4572,4522,4595,4677,4846,4805,4827,4842,5024,4915,4683,4637,4653,4656,4701,4625,4992,4884,4822,4780,4710,4930,5116,5065,4883,4912,5012,4951,4896,4996,4804,4988,5270,5072,4996,5152,5011,5015,5106,5143,5155,5149,5233,5238,5161,5232,5224,5031,5644,5468,5287,5268,5120,5041,5040,4791,4900,4906,4928,4855,4858,4827,4619,4793,4865,4847,4889,4900,4816,4760,5040,4890,5015,4933,5152,4953,4768,4900,4856,4985,4887,5048,NA,NA,NA,NA,NA,NA,NA,NA,NA,NA,NA,NA,NA,NA,NA,NA,NA,NA,NA,NA,NA,NA,NA,NA,NA,NA,NA,NA,NA,NA,NA,NA,NA,NA,NA,NA
"65","24","  Rubber & plastic product","ST30M0",4174,4351,4400,4408,4527,4394,4553,4572,4582,4310,4461,4369,4215,4227,4242,4273,4243,4392,4237,4249,4236,4128,4217,4425,4424,4480,4555,4466,4444,4444,4355,4406,4464,4422,4425,4463,4530,4529,4486,4535,4649,4681,4708,4780,4713,4762,4790,4752,4760,4690,4822,4913,4938,5006,5052,5030,5105,5155,5123,5129,5246,5263,5216,5142,5163,5175,5226,5242,5240,5224,5227,5190,5128,5211,5251,5211,5262,5221,5312,5408,5504,5572,5587,5484,5581,5496,5488,5457,5439,5418,5407,5426,5408,5465,5430,5547,5492,5460,5480,5516,5549,5604,5603,5609,5690,5673,5634,5724,5628,5593,5627,5705,5772,5740,5761,5768,5805,5806,5913,5933,5954,6016,6095,6041,6037,6039,6139,6154,6252,6273,6179,6382,6482,6609,6607,6656,6600,6643,6610,6599,6511,6362,6401,6424,6444,6539,6471,6513,6545,6595,6619,6627,6660,6713,6711,6733,6795,6739,6745,6772,6767,6768,6762,6761,6846,6928,6923,7011,NA,NA,NA,NA,NA,NA,NA,NA,NA,NA,NA,NA,NA,NA,NA,NA,NA,NA,NA,NA,NA,NA,NA,NA,NA,NA,NA,NA,NA,NA,NA,NA,NA,NA,NA,NA
"66","25","  Leather & leather prod.","ST31M0",727,761,760,752,769,732,764,758,725,739,734,711,637,667,660,648,627,631,642,651,644,636,647,662,674,685,690,654,648,624,601,600,611,612,595,621,615,594,613,648,647,657,657,631,652,668,632,649,637,630,643,648,665,581,683,686,684,680,750,694,724,728,722,695,713,704,704,661,658,660,660,640,646,667,666,675,658,679,703,731,732,691,635,603,574,553,553,546,519,500,476,473,473,474,497,517,531,528,521,522,520,529,516,509,503,523,530,541,513,499,495,504,485,514,518,507,491,485,482,505,488,492,496,483,506,496,498,508,526,526,533,520,543,547,538,543,541,546,535,540,533,528,507,500,502,505,493,480,476,470,468,463,463,457,474,477,466,470,456,477,484,485,496,485,493,493,483,504,NA,NA,NA,NA,NA,NA,NA,NA,NA,NA,NA,NA,NA,NA,NA,NA,NA,NA,NA,NA,NA,NA,NA,NA,NA,NA,NA,NA,NA,NA,NA,NA,NA,NA,NA,NA
