"","Table 5#1# Saving and Investment by Sector","F2","F3","F4","F5","F6","F7","F8","F9","F10","F11","F12","F13","F14","F15","F16","F17","F18","F19","F20","F21","F22","F23","F24","F25","F26","F27","F28","F29","F30","F31","F32","F33","F34","F35","F36","F37","F38","F39","F40","F41","F42","F43","F44","F45","F46","F47","F48","F49","F50","F51","F52","F53","F54","F55","F56","F57","F58","F59","F60","F61","F62","F63","F64","F65","F66","F67","F68","F69","F70","F71","F72","F73","F74","F75","F76","F77","F78","F79","F80","F81","F82","F83","F84","F85","F86","F87","F88","F89","F90","F91","F92","F93","F94","F95"
"1","[Billions of dollars]; Seasonally adjusted at annual rates                                                                 ",NA,NA,NA,NA,NA,NA,NA,NA,NA,NA,NA,NA,NA,NA,NA,NA,NA,NA,NA,NA,NA,NA,NA,NA,NA,NA,NA,NA,NA,NA,NA,NA,NA,NA,NA,NA,NA,NA,NA,NA,NA,NA,NA,NA,NA,NA,NA,NA,NA,NA,NA,NA,NA,NA,NA,NA,NA,NA,NA,NA,NA,NA,NA,NA,NA,NA,NA,NA,NA,NA,NA,NA,NA,NA,NA,NA,NA,NA,NA,NA,NA,NA,NA,NA,NA,NA,NA,NA,NA,NA,NA,NA,NA,NA
"2","Quarterly data from 1947 To 1969",NA,NA,NA,NA,NA,NA,NA,NA,NA,NA,NA,NA,NA,NA,NA,NA,NA,NA,NA,NA,NA,NA,NA,NA,NA,NA,NA,NA,NA,NA,NA,NA,NA,NA,NA,NA,NA,NA,NA,NA,NA,NA,NA,NA,NA,NA,NA,NA,NA,NA,NA,NA,NA,NA,NA,NA,NA,NA,NA,NA,NA,NA,NA,NA,NA,NA,NA,NA,NA,NA,NA,NA,NA,NA,NA,NA,NA,NA,NA,NA,NA,NA,NA,NA,NA,NA,NA,NA,NA,NA,NA,NA,NA,NA
"3","Bureau of Economic Analysis",NA,NA,NA,NA,NA,NA,NA,NA,NA,NA,NA,NA,NA,NA,NA,NA,NA,NA,NA,NA,NA,NA,NA,NA,NA,NA,NA,NA,NA,NA,NA,NA,NA,NA,NA,NA,NA,NA,NA,NA,NA,NA,NA,NA,NA,NA,NA,NA,NA,NA,NA,NA,NA,NA,NA,NA,NA,NA,NA,NA,NA,NA,NA,NA,NA,NA,NA,NA,NA,NA,NA,NA,NA,NA,NA,NA,NA,NA,NA,NA,NA,NA,NA,NA,NA,NA,NA,NA,NA,NA,NA,NA,NA,NA
"4","Data published March 25, 2011    ",NA,NA,NA,NA,NA,NA,NA,NA,NA,NA,NA,NA,NA,NA,NA,NA,NA,NA,NA,NA,NA,NA,NA,NA,NA,NA,NA,NA,NA,NA,NA,NA,NA,NA,NA,NA,NA,NA,NA,NA,NA,NA,NA,NA,NA,NA,NA,NA,NA,NA,NA,NA,NA,NA,NA,NA,NA,NA,NA,NA,NA,NA,NA,NA,NA,NA,NA,NA,NA,NA,NA,NA,NA,NA,NA,NA,NA,NA,NA,NA,NA,NA,NA,NA,NA,NA,NA,NA,NA,NA,NA,NA,NA,NA
"5","File created 3/24/2011 12:33:13 PM",NA,NA,NA,NA,NA,NA,NA,NA,NA,NA,NA,NA,NA,NA,NA,NA,NA,NA,NA,NA,NA,NA,NA,NA,NA,NA,NA,NA,NA,NA,NA,NA,NA,NA,NA,NA,NA,NA,NA,NA,NA,NA,NA,NA,NA,NA,NA,NA,NA,NA,NA,NA,NA,NA,NA,NA,NA,NA,NA,NA,NA,NA,NA,NA,NA,NA,NA,NA,NA,NA,NA,NA,NA,NA,NA,NA,NA,NA,NA,NA,NA,NA,NA,NA,NA,NA,NA,NA,NA,NA,NA,NA,NA,NA
"6",NA,NA,NA,NA,NA,NA,NA,NA,NA,NA,NA,NA,NA,NA,NA,NA,NA,NA,NA,NA,NA,NA,NA,NA,NA,NA,NA,NA,NA,NA,NA,NA,NA,NA,NA,NA,NA,NA,NA,NA,NA,NA,NA,NA,NA,NA,NA,NA,NA,NA,NA,NA,NA,NA,NA,NA,NA,NA,NA,NA,NA,NA,NA,NA,NA,NA,NA,NA,NA,NA,NA,NA,NA,NA,NA,NA,NA,NA,NA,NA,NA,NA,NA,NA,NA,NA,NA,NA,NA,NA,NA,NA,NA,NA,NA
"7","Line",NA,NA,1947,1947,1947,1947,1948,1948,1948,1948,1949,1949,1949,1949,1950,1950,1950,1950,1951,1951,1951,1951,1952,1952,1952,1952,1953,1953,1953,1953,1954,1954,1954,1954,1955,1955,1955,1955,1956,1956,1956,1956,1957,1957,1957,1957,1958,1958,1958,1958,1959,1959,1959,1959,1960,1960,1960,1960,1961,1961,1961,1961,1962,1962,1962,1962,1963,1963,1963,1963,1964,1964,1964,1964,1965,1965,1965,1965,1966,1966,1966,1966,1967,1967,1967,1967,1968,1968,1968,1968,1969,1969,1969,1969
"8",NA,NA,NA,1,2,3,4,1,2,3,4,1,2,3,4,1,2,3,4,1,2,3,4,1,2,3,4,1,2,3,4,1,2,3,4,1,2,3,4,1,2,3,4,1,2,3,4,1,2,3,4,1,2,3,4,1,2,3,4,1,2,3,4,1,2,3,4,1,2,3,4,1,2,3,4,1,2,3,4,1,2,3,4,1,2,3,4,1,2,3,4,1,2,3,4
"9","1","    Gross saving","A929RC1",46.6,44,45.1,50.6,55.4,59.1,58.7,58.9,51.1,44.1,46,41.3,48.7,56.7,63.1,74.1,70.8,77.5,75.6,76.5,77.1,70.8,73.2,75.7,77,77.4,77.2,68.9,71.9,72,72.6,77,81.7,88.1,89.1,93.1,96.7,97.7,101.3,101.9,102.1,102,101.8,92.6,88.8,84.4,91,99,104.6,111.1,102.9,105.7,118.2,110.8,111,105.1,108.2,110.2,117.1,121.8,124.4,123.9,125.6,125.7,128.5,133.1,133.5,137.6,140,140.3,143.6,149.7,157.2,158.7,158.8,159.2,167.5,167.3,167.3,172.8,168.1,164.4,171.9,177.9,176.2,181.9,182.4,187.6,196,196.4,203,198.3
"10","2","Net saving","W201RC1",21,17.7,18,23,27.5,30.9,29.9,30,21.9,14.9,16.9,12.1,19.6,27.3,33,42.9,38.3,44,41.3,41.5,41.7,34.9,36.5,38.5,39.2,38.9,38.3,29.5,32.1,31.6,31.8,35.6,40,45.9,46,49,51.2,51,53.6,53.3,52.4,51.5,50.6,40.6,36.6,31.5,37.4,44.7,49.8,55.9,47.3,49.7,62.1,54.4,54.3,48.1,50.7,52.2,58.7,62.8,64.8,63.7,64.8,64,66.2,70.1,69.9,73.2,74.9,74.4,76.8,81.9,88.3,88.6,87.4,86.6,93.5,91.6,90.1,93.9,87.7,82.4,88.1,92.3,88.6,92.6,91.1,94.2,100.4,98.4,102.7,95.4
"11","3","  Net private saving","W202RC1",13.4,10.9,14.8,13.7,18.6,24.5,27.3,28.3,23.7,19.9,21.7,16.9,27,23.8,17.7,26.9,18.4,31.5,33.5,32.8,31.9,29.1,32.1,31.5,32,32.3,31.4,29.1,31.9,30.3,30.2,32.6,33.5,35.9,37.4,37.3,38.4,39.9,41.4,41.7,41.5,42.9,42.2,38.7,37.2,37.3,41.3,44.6,43.7,47.2,40.3,43.4,46.1,42,43.4,41.6,44.2,47.5,51.8,53.6,57.6,56.7,56.2,56.3,56.7,58.3,58.1,62.3,66.6,70.8,69.1,72.4,74.6,75.4,81.4,80.5,80.8,80.2,80.6,87.5,89.8,85.9,90.2,93.9,87.5,91.9,82.3,84.5,78.6,79.3,88.8,84.2
"12","4","    Domestic business","A127RC1",3.1,6.7,6.5,7.2,10.2,11.7,11,12.7,12.5,11.4,12.3,8.9,7.9,8.7,9,9.9,5.5,9.3,12,11.9,11.6,10.1,9.9,12,11.9,10.3,9.9,7.7,9.6,11,11.5,13.6,16.1,16.9,16.4,16.5,15.1,14.5,15.1,14.2,15.2,14.9,14.7,13.1,10,10.2,12.2,15.3,17,19.4,16.5,17.2,18.7,16.8,16.7,15.5,14.7,17.4,18.1,19.4,23.2,22.3,22.7,24.7,24.4,25.8,26.2,26.6,29.9,29.2,29.3,28.4,34.5,35,35,36.4,38.5,37.7,36.7,39.1,36.1,34.6,35.1,37.3,32.6,34.8,34.3,34.6,34,31.8,30.2,25.1
"13","5","      Undistributed corporate profits","B057RC1",15.2,13.7,13.3,15.2,15.9,17.5,16.7,15.6,13.8,11.4,12.1,11.4,11.1,14.7,18.9,21.3,17.2,13.2,11.3,12.9,12.8,11.3,11.6,13.4,14.5,13.7,13.3,8.6,10.7,11.9,12.8,14.3,16.9,17.2,17.2,18.1,17.1,17.7,16.4,17.6,17.9,16.4,15.7,13.6,10,10.3,12.9,16.5,17.8,20,16.5,15.6,18.3,15.9,14.4,13.3,12.6,14,15.4,17.1,17.7,17.2,18,18.7,17.8,19.4,20.1,20.6,23.2,22.5,23.1,22.2,27.6,28.6,28.6,30.7,31.9,32.4,32.4,31.9,28.5,27.9,28.5,31.7,28.9,29.3,28.9,30.1,29.8,27.9,26.1,24.8
"14","6","      Inventory valuation adjustment, corporate","B058RC1",-9.7,-4.7,-4,-5.2,-2.9,-2.9,-2.8,-0.1,1.4,2.8,3,0.2,-0.7,-3.3,-7.3,-8.5,-8.7,-1,3.5,1.5,1.3,1.2,0.7,0.8,-0.4,-1.6,-2,0,0,0,-0.7,-0.5,-1.1,-0.9,-2.2,-2.8,-2.9,-3.6,-1.2,-3,-2.4,-1.5,-1.3,-0.9,-0.2,0.3,-0.2,-0.9,-0.6,-1,-0.3,0.8,-0.9,-0.6,0.5,0.3,-0.1,1,0.3,-0.2,0.4,-0.1,-0.8,0.5,1,0.2,-0.2,-0.8,-0.2,-0.1,-0.9,-0.7,-0.4,-1.1,-1.5,-1.9,-1.2,-2.7,-3.6,-1,-0.4,-1.3,-1.7,-2.8,-4.7,-2.9,-3,-4.1,-4.9,-5.2,-4.9,-8.4
"15","7","      Capital consumption adjustment, corporate","A059RC1",-2.4,-2.3,-2.7,-2.8,-2.8,-2.9,-2.9,-2.8,-2.7,-2.8,-2.8,-2.7,-2.5,-2.6,-2.6,-2.9,-2.9,-2.9,-2.8,-2.6,-2.5,-2.4,-2.4,-2.2,-2.1,-1.8,-1.4,-1,-1.1,-0.8,-0.6,-0.2,0.3,0.6,1.4,1.1,1,0.4,-0.1,-0.4,-0.2,-0.1,0.3,0.4,0.1,-0.4,-0.4,-0.3,-0.1,0.4,0.3,0.8,1.3,1.5,1.8,1.9,2.1,2.4,2.4,2.4,5.1,5.2,5.4,5.5,5.6,6.2,6.3,6.7,7,6.8,7,6.9,7.3,7.6,8,7.6,7.8,7.9,7.9,8.2,7.9,8,8.4,8.4,8.4,8.5,8.4,8.5,9.1,9.1,9.1,8.6
"16","8","    Households and institutions","W986RC1",10.2,4.2,8.3,6.4,8.4,12.8,16.3,15.5,11.3,8.5,9.4,8,19.1,15,8.7,17,12.8,22.2,21.5,21,20.4,19,22.2,19.5,20.1,22,21.5,21.5,22.3,19.3,18.7,19,17.4,19,20.9,20.9,23.3,25.4,26.3,27.5,26.3,28,27.5,25.6,27.2,27.1,29.1,29.3,26.7,27.8,23.8,26.1,27.4,25.2,26.7,26.1,29.5,30.1,33.7,34.3,34.4,34.4,33.5,31.6,32.4,32.5,31.9,35.7,36.7,41.6,39.8,44,40.1,40.4,46.3,44,42.3,42.5,43.9,48.4,53.7,51.3,55,56.6,54.9,57,48,49.9,44.6,47.5,58.6,59.1
"17","9","      Personal saving","A071RC1",10.2,4.2,8.3,6.4,8.3,12.7,16.5,15.5,11.1,8.8,9.4,8,19.1,15,8.7,16.9,12.7,22.3,21.4,20.9,20.3,19,22.6,19.5,20.1,22,21.5,21.5,22.3,19.3,18.7,19,17.4,19,20.9,20.9,23.3,25.4,26.3,27.5,26.3,28,27.5,25.6,27.2,27.1,29.1,29.3,26.7,27.8,23.8,26.1,27.4,25.2,26.7,26.1,29.5,30.1,33.7,34.3,34.4,34.4,33.5,31.6,32.4,32.5,31.9,35.7,36.7,41.6,39.8,44,40.1,40.4,46.3,44,42.3,42.5,43.9,48.4,53.7,51.3,55,56.6,54.9,57,48,49.9,44.6,47.5,58.6,59.1
"18","10","      Wage accruals less disbursements","B185RC1",0,0,0,0,0.1,0.1,-0.2,0.1,0.1,-0.3,0,0,0,0,0,0.1,0.2,-0.2,0.1,0.1,0.1,0.1,-0.4,0,0,0,0,0,0,0,0,0,0,0,0,0,0,0,0,0,0,0,0,0,0,0,0,0,0,0,0,0,0,0,0,0,0,0,0,0,0,0,0,0,0,0,0,0,0,0,0,0,0,0,0,0,0,0,0,0,0,0,0,0,0,0,0,0,0,0,0,0
"19","11","  Net government saving","A922RC1",7.6,6.9,3.2,9.3,8.8,6.3,2.7,1.7,-1.9,-5.1,-4.8,-4.8,-7.3,3.5,15.3,16,19.9,12.6,7.8,8.7,9.8,5.8,4.4,6.9,7.2,6.6,6.9,0.4,0.2,1.3,1.6,3,6.5,10,8.6,11.6,12.7,11.1,12.2,11.6,10.9,8.6,8.4,2,-0.6,-5.8,-3.9,0.1,6.2,8.7,7,6.4,15.9,12.4,10.9,6.5,6.5,4.7,6.9,9.2,7.2,7.1,8.6,7.7,9.4,11.8,11.8,11,8.3,3.6,7.7,9.5,13.7,13.2,6,6.1,12.7,11.4,9.5,6.5,-2,-3.5,-2.1,-1.6,1.1,0.7,8.8,9.7,21.8,19.1,13.9,11.2
"20","12","    Federal","A923RC1",6,5.2,2,8,7.8,5.1,1.4,0.2,-3.4,-6.5,-6.5,-6.1,-8.3,2.8,13.6,14.2,17.3,10.1,5.4,6,6.9,3.4,1.1,3.5,4.3,2.6,3.5,-3.2,-3.4,-2,-1.4,0,3.5,6.7,4.8,7.7,8.5,6.6,7.7,7.2,6.1,4.3,4.3,-1.6,-3.3,-8.4,-6.5,-3.6,3.1,5.1,2.8,2,11.6,8.2,6.6,2.1,2.4,0.7,2.4,4.6,2.3,2.1,3,2.3,4,6.2,5.8,5.1,1.9,-2.7,1.2,3.1,7.5,6.7,-0.5,-0.7,4.9,3.4,1.5,-0.8,-9.6,-10.4,-8.5,-8.9,-6,-7.5,1.4,2.4,14.4,11.4,5.5,3
"21","13","    State and local","A924RC1",1.6,1.6,1.1,1.3,1,1.2,1.2,1.5,1.5,1.4,1.6,1.3,1,0.7,1.8,1.8,2.7,2.5,2.4,2.7,2.9,2.4,3.3,3.4,2.9,4,3.5,3.6,3.6,3.3,3,3.1,3,3.3,3.8,3.9,4.3,4.5,4.5,4.3,4.8,4.3,4.1,3.6,2.7,2.6,2.6,3.6,3.1,3.6,4.2,4.3,4.3,4.2,4.3,4.4,4.1,4,4.5,4.6,4.9,5,5.5,5.5,5.4,5.5,6.1,5.9,6.4,6.3,6.5,6.4,6.2,6.5,6.6,6.8,7.7,8,8,7.3,7.5,6.9,6.4,7.2,7.2,8.2,7.4,7.2,7.4,7.8,8.5,8.2
"22","14","Consumption of fixed capital","A262RC1",25.6,26.3,27.1,27.6,27.9,28.3,28.7,28.9,29.2,29.2,29.1,29.2,29.1,29.4,30.1,31.2,32.5,33.5,34.3,34.9,35.4,35.9,36.6,37.2,37.9,38.5,38.9,39.3,39.8,40.4,40.8,41.4,41.7,42.2,43.1,44.2,45.5,46.6,47.7,48.6,49.6,50.5,51.3,51.9,52.3,52.9,53.6,54.2,54.8,55.3,55.6,55.9,56.2,56.4,56.7,57.1,57.5,57.9,58.4,58.9,59.6,60.1,60.9,61.7,62.3,63,63.7,64.4,65.1,65.9,66.8,67.7,68.8,70.1,71.3,72.7,74.1,75.7,77.2,78.8,80.4,82,83.8,85.6,87.5,89.4,91.3,93.5,95.6,98,100.3,102.9
"23","15","  Private","A024RC1",14.6,15.7,16.6,17.4,18,18.6,19.1,19.6,20,20.4,20.7,21,21.2,21.6,22.2,23.1,24.1,24.9,25.6,26,26.3,26.6,26.9,27.3,27.7,28,28.4,28.7,29,29.3,29.6,29.9,30.2,30.7,31.3,32.1,33,34,34.8,35.6,36.3,37,37.6,38.2,38.7,39.2,39.6,40.1,40.5,40.9,41.1,41.3,41.4,41.5,41.6,41.9,42.2,42.5,42.8,43.1,43.5,43.9,44.3,44.7,45.1,45.6,46.1,46.7,47.2,47.9,48.6,49.4,50.3,51.3,52.3,53.5,54.7,55.9,57.1,58.3,59.6,60.9,62.2,63.6,65.1,66.6,68.2,69.8,71.6,73.4,75.4,77.5
"24","16","    Domestic business","W276RC1",12.3,13.2,14,14.6,15.2,15.7,16.1,16.5,16.9,17.2,17.5,17.7,17.9,18.2,18.7,19.4,20.3,21,21.5,21.9,22,22.3,22.5,22.8,23.2,23.5,23.8,24,24.3,24.5,24.7,25,25.1,25.5,26,26.7,27.5,28.3,29,29.7,30.3,30.9,31.5,32,32.4,32.9,33.3,33.6,34,34.3,34.4,34.5,34.5,34.5,34.7,34.8,35,35.3,35.5,35.8,36.1,36.4,36.8,37.1,37.5,37.8,38.3,38.7,39.1,39.7,40.3,40.9,41.7,42.5,43.3,44.3,45.3,46.3,47.4,48.4,49.5,50.6,51.7,52.9,54.1,55.4,56.7,58.1,59.5,61,62.7,64.5
"25","17","    Households and institutions","W279RC1",2.3,2.5,2.6,2.8,2.9,2.9,3,3.1,3.1,3.2,3.2,3.3,3.3,3.4,3.5,3.6,3.8,3.9,4.1,4.2,4.2,4.3,4.4,4.4,4.5,4.6,4.6,4.7,4.7,4.8,4.9,5,5.1,5.2,5.3,5.4,5.5,5.7,5.8,5.9,6,6,6.1,6.2,6.2,6.3,6.4,6.4,6.5,6.6,6.7,6.8,6.9,6.9,7,7.1,7.1,7.2,7.2,7.3,7.4,7.4,7.5,7.6,7.7,7.8,7.9,8,8.1,8.2,8.4,8.5,8.7,8.8,9,9.2,9.4,9.5,9.7,9.9,10.1,10.3,10.5,10.7,10.9,11.2,11.5,11.8,12.1,12.4,12.7,13
"26","18","  Government","A264RC1",11,10.6,10.5,10.3,9.9,9.6,9.6,9.3,9.2,8.8,8.4,8.2,7.9,7.8,7.8,8.1,8.4,8.5,8.7,8.9,9.1,9.4,9.7,10,10.2,10.4,10.5,10.6,10.8,11.1,11.2,11.5,11.5,11.5,11.8,12.1,12.4,12.7,12.9,13.1,13.3,13.5,13.7,13.8,13.6,13.7,14,14.1,14.3,14.4,14.5,14.7,14.8,14.9,15.1,15.2,15.3,15.5,15.6,15.8,16.1,16.3,16.6,17,17.2,17.4,17.5,17.7,17.9,18,18.1,18.3,18.5,18.8,19,19.2,19.4,19.8,20.1,20.5,20.8,21.1,21.6,22,22.5,22.8,23.1,23.6,24.1,24.5,24.9,25.3
"27","19","    Federal","A918RC1",9.3,8.8,8.6,8.3,7.9,7.6,7.4,7.2,7.1,6.7,6.3,6.1,5.9,5.7,5.7,5.9,6,6,6.1,6.3,6.5,6.7,6.9,7.2,7.4,7.6,7.6,7.8,8,8.2,8.3,8.5,8.5,8.5,8.7,8.8,9.1,9.2,9.3,9.4,9.6,9.7,9.8,9.9,9.7,9.8,9.9,10,10.1,10.2,10.3,10.4,10.5,10.5,10.6,10.7,10.7,10.8,10.9,11,11.2,11.3,11.5,11.8,11.9,12.1,12.1,12.2,12.3,12.3,12.3,12.4,12.5,12.6,12.7,12.7,12.8,13,13.2,13.4,13.5,13.7,14,14.2,14.4,14.6,14.8,15,15.2,15.3,15.4,15.6
"28","20","    State and local","A919RC1",1.7,1.8,1.9,1.9,2,2.1,2.1,2.2,2.2,2.1,2.1,2.1,2,2,2.1,2.3,2.4,2.5,2.6,2.7,2.6,2.7,2.8,2.8,2.8,2.8,2.8,2.8,2.8,2.9,2.9,3,2.9,3,3.2,3.2,3.4,3.5,3.6,3.7,3.7,3.9,3.9,3.9,3.9,4,4.1,4.1,4.2,4.2,4.3,4.3,4.3,4.4,4.5,4.5,4.6,4.6,4.7,4.8,4.9,5,5.1,5.1,5.2,5.3,5.4,5.5,5.6,5.7,5.8,5.9,6,6.2,6.3,6.4,6.6,6.8,7,7.1,7.3,7.4,7.6,7.8,8.1,8.2,8.3,8.6,8.9,9.2,9.4,9.7
"29","21","    Gross domestic investment, capital account transactions, and net lending, NIPAs","A928RC1",47.4,46.5,47.5,54,56.1,57.8,58.3,57.9,51.7,45.3,48.3,44.5,52.4,57.9,63.7,74,73.3,81.4,80.6,79.3,80.6,73,75.3,78.8,80.5,80.9,80.5,74.5,74.8,74.8,76.3,80.1,85.7,89.7,91.5,94.5,95.7,95.9,99.4,99.5,101.6,100.6,102.8,93.2,87.1,84.8,93.8,101.3,105.2,109.6,105.2,106.2,118.5,109.7,111.4,101.8,107,109.7,117.3,120.8,125.5,125.3,127.2,122.9,127.3,130.3,134.5,137.3,143.1,141.9,144.8,146.8,155.7,157.7,162.1,164.4,175.1,172.8,173.2,178.6,177.1,169.3,174.8,179,182,189.7,185,188.7,202.7,199.7,205.4,197.5
"30","22","Gross domestic investment","W170RC1",38,36.7,37.4,46.2,51.2,54.8,57.4,57.1,49.5,43.6,47.6,45.5,53.4,59.2,66.4,76.5,75,81.1,78.4,76.7,77.1,71.8,76.4,80.1,81.8,82.8,81.7,75.4,75.3,74.4,76.4,79.2,85.2,90,90.7,94.1,94.7,93.7,96.4,94.9,96,95.8,97.9,89.6,85.6,84,92.8,101.5,106.7,111.7,105.8,107.1,116.8,107.2,107.7,97,101.7,105.7,113.5,117,122.4,120.6,123,119.7,123.5,125,129.8,131.3,134.9,135.2,137.2,139.5,149.9,150.6,156.1,158.5,170.4,168.9,170.4,174.7,172.8,165.7,171.7,176.2,180.3,187.4,183.6,187.9,201.1,199.1,203.9,194.8
"31","23","  Gross private domestic investment","A006RC1",33.7,32.4,32.7,41,45,48.1,50.2,49.1,40.9,34,37.3,35.2,44.4,49.9,56.1,65.9,62.1,64.8,59.4,54.4,55.2,49.9,53.9,57.1,57.9,58.1,57.4,52.3,51.5,51.2,54.7,57.8,64.2,68.1,70,73.9,73,71.4,72.5,71.2,71.8,71.9,73.2,64.9,60.5,58.7,65.5,73.2,76.2,82.2,76.4,79.3,89.1,79.7,78.7,68.1,70.3,75.8,82.4,84.2,89.4,87.9,89.3,86,90.5,92.2,95,97.4,100.7,100.6,102.5,104.6,115.7,115.8,119.7,121.8,131.7,130.7,130.2,132.7,129.3,123.7,128.5,132.9,137.2,143.4,139.7,144.4,155.7,155.7,160.3,154.1
"32","24","    Domestic business","W987RC1",NA,NA,NA,NA,NA,NA,NA,NA,NA,NA,NA,NA,NA,NA,NA,NA,NA,NA,NA,NA,NA,NA,NA,NA,NA,NA,NA,NA,NA,NA,NA,NA,NA,NA,NA,NA,NA,NA,NA,NA,NA,NA,NA,NA,NA,NA,NA,NA,NA,NA,NA,NA,62.1,54.5,54.4,44,46.5,51.9,57.6,58.8,63.6,61.5,63,59.9,63.8,63.9,66.6,68.1,70.1,70.9,72.9,74.7,85.2,84.8,88.3,90.1,99.8,100,100.4,104.8,102.1,93.8,97.3,99.8,103.7,109.4,105.4,108.5,118.3,118.2,123,118.7
"33","25","    Households and institutions","W988RC1",NA,NA,NA,NA,NA,NA,NA,NA,NA,NA,NA,NA,NA,NA,NA,NA,NA,NA,NA,NA,NA,NA,NA,NA,NA,NA,NA,NA,NA,NA,NA,NA,NA,NA,NA,NA,NA,NA,NA,NA,NA,NA,NA,NA,NA,NA,NA,NA,NA,NA,NA,NA,27,25.1,24.3,24.1,23.8,23.8,24.8,25.4,25.8,26.4,26.3,26,26.7,28.2,28.4,29.3,30.5,29.7,29.5,29.9,30.5,31.1,31.4,31.7,31.9,30.7,29.8,27.8,27.2,29.9,31.2,33.1,33.5,34.1,34.3,35.8,37.5,37.4,37.3,35.3
"34","26","  Gross government investment","A782RC1",4.3,4.3,4.7,5.1,6.2,6.7,7.1,8,8.6,9.5,10.3,10.4,9,9.4,10.2,10.6,13,16.2,19,22.3,21.9,22,22.5,22.9,23.9,24.6,24.3,23.1,23.8,23.2,21.7,21.4,21,21.9,20.7,20.3,21.8,22.2,23.9,23.7,24.2,23.9,24.6,24.7,25.1,25.3,27.3,28.2,30.5,29.5,29.3,27.8,27.7,27.5,29,28.9,31.4,30,31.2,32.8,33,32.7,33.7,33.7,33,32.8,34.8,33.9,34.2,34.6,34.8,34.9,34.2,34.8,36.5,36.7,38.7,38.2,40.3,42,43.4,42,43.2,43.3,43.1,44,43.8,43.6,45.4,43.4,43.6,40.7
"35","27","    Federal","A787RC1",1.6,1.6,1.8,2,2.8,2.8,2.9,3.5,3.8,4.2,4.7,4.7,3.5,3.7,4.3,4.3,6.5,9.2,11.8,15.2,14.6,14.7,15.2,15.5,16.2,17,16.4,14.7,14.9,14.1,12.3,12,11.3,11.9,10.6,10,10.8,11,12.5,12.2,11.9,11.4,12.1,12,12.1,12.1,13.6,14,16,15.3,15.5,14.7,14.3,13.8,14.7,14.6,16.2,15.7,16.4,16.9,17.4,17,17.7,17.5,16,15.8,17,15.7,15.9,15.5,15.5,15.7,14.8,14.4,14.9,14.7,16.3,15.5,17.3,17.7,18,16.8,18.3,17.6,16.6,16.2,15.9,15.2,16.8,14.4,15.3,13.4
"36","28","    State and local","A799RC1",2.6,2.7,2.9,3.2,3.4,3.9,4.3,4.5,4.7,5.3,5.6,5.7,5.5,5.7,6,6.3,6.5,7.1,7.2,7.1,7.3,7.3,7.3,7.4,7.7,7.6,7.9,8.4,8.8,9.1,9.4,9.4,9.7,10,10.2,10.3,10.9,11.3,11.4,11.5,12.3,12.5,12.5,12.8,13,13.2,13.7,14.2,14.5,14.3,13.8,13.1,13.4,13.8,14.3,14.3,15.2,14.3,14.8,15.9,15.6,15.6,16,16.2,17,17,17.9,18.2,18.3,19.1,19.3,19.2,19.4,20.4,21.6,22,22.4,22.7,23,24.4,25.4,25.3,24.8,25.7,26.6,27.8,27.9,28.4,28.5,29,28.3,27.4
"37","29","Capital account transactions (net) \1\","W167RC1",NA,NA,NA,NA,NA,NA,NA,NA,NA,NA,NA,NA,NA,NA,NA,NA,NA,NA,NA,NA,NA,NA,NA,NA,NA,NA,NA,NA,NA,NA,NA,NA,NA,NA,NA,NA,NA,NA,NA,NA,NA,NA,NA,NA,NA,NA,NA,NA,NA,NA,NA,NA,NA,NA,NA,NA,NA,NA,NA,NA,NA,NA,NA,NA,NA,NA,NA,NA,NA,NA,NA,NA,NA,NA,NA,NA,NA,NA,NA,NA,NA,NA,NA,NA,NA,NA,NA,NA,0,0,0,0
"38","30","  Private","W999RC1",NA,NA,NA,NA,NA,NA,NA,NA,NA,NA,NA,NA,NA,NA,NA,NA,NA,NA,NA,NA,NA,NA,NA,NA,NA,NA,NA,NA,NA,NA,NA,NA,NA,NA,NA,NA,NA,NA,NA,NA,NA,NA,NA,NA,NA,NA,NA,NA,NA,NA,NA,NA,0.8,0.8,0.6,1.1,1.1,0.7,0.8,0.9,0.7,0.8,0.9,1,1.2,1,1.1,1.2,0.9,1.1,1.1,2.3,1.6,1.9,1.7,1.8,1.5,1.9,1.7,2,2.5,2.9,1.7,3.8,4.2,3.3,3.6,2.8,3.3,3.5,3.4,3.5
"39","31","    Domestic business","W989RC1",NA,NA,NA,NA,NA,NA,NA,NA,NA,NA,NA,NA,NA,NA,NA,NA,NA,NA,NA,NA,NA,NA,NA,NA,NA,NA,NA,NA,NA,NA,NA,NA,NA,NA,NA,NA,NA,NA,NA,NA,NA,NA,NA,NA,NA,NA,NA,NA,NA,NA,NA,NA,-0.6,-0.8,-0.8,-0.8,-0.7,-0.9,-1,-0.8,-0.9,-1.1,-0.9,-1,-0.8,-1.1,-1.1,-0.7,-1.1,-1.3,-1.4,-0.3,-1,-0.6,-0.9,-1,-1.4,-1,-1.1,-0.7,-0.5,0.1,-1.4,1,1.7,0.4,0.4,-0.6,-0.4,-0.5,-0.4,-0.4
"40","32","    Households and institutions","W990RC1",NA,NA,NA,NA,NA,NA,NA,NA,NA,NA,NA,NA,NA,NA,NA,NA,NA,NA,NA,NA,NA,NA,NA,NA,NA,NA,NA,NA,NA,NA,NA,NA,NA,NA,NA,NA,NA,NA,NA,NA,NA,NA,NA,NA,NA,NA,NA,NA,NA,NA,NA,NA,1.4,1.6,1.5,1.9,1.8,1.6,1.8,1.7,1.6,1.9,1.8,1.9,1.9,2,2.1,1.9,2,2.4,2.5,2.5,2.6,2.4,2.6,2.8,2.9,2.9,2.8,2.7,2.9,2.8,3.1,2.8,2.5,2.9,3.1,3.4,3.7,4,3.8,3.9
"41","33","  Government","W991RC1",NA,NA,NA,NA,NA,NA,NA,NA,NA,NA,NA,NA,NA,NA,NA,NA,NA,NA,NA,NA,NA,NA,NA,NA,NA,NA,NA,NA,NA,NA,NA,NA,NA,NA,NA,NA,NA,NA,NA,NA,NA,NA,NA,NA,NA,NA,NA,NA,NA,NA,NA,NA,-0.8,-0.8,-0.6,-1.1,-1.1,-0.7,-0.8,-0.9,-0.7,-0.8,-0.9,-1,-1.2,-1,-1.1,-1.2,-0.9,-1.1,-1.1,-2.3,-1.6,-1.9,-1.7,-1.8,-1.5,-1.9,-1.7,-2,-2.5,-2.9,-1.7,-3.8,-4.2,-3.3,-3.6,-2.8,-3.3,-3.5,-3.4,-3.5
"42","34","    Federal","W992RC1",NA,NA,NA,NA,NA,NA,NA,NA,NA,NA,NA,NA,NA,NA,NA,NA,NA,NA,NA,NA,NA,NA,NA,NA,NA,NA,NA,NA,NA,NA,NA,NA,NA,NA,NA,NA,NA,NA,NA,NA,NA,NA,NA,NA,NA,NA,NA,NA,NA,NA,NA,NA,1.1,1.5,1.7,0.9,1.4,1.5,1.4,1.3,1.7,1.7,1.4,1.6,1.6,1.9,2,2.1,2.1,2.3,2.7,1.3,1.9,1.6,1.6,1.7,2.2,1.8,2.2,1.7,1.3,-0.1,2.2,0.5,1,1.5,2.2,3.1,2.5,2.3,2.3,2.6
"43","35","    State and local","W993RC1",NA,NA,NA,NA,NA,NA,NA,NA,NA,NA,NA,NA,NA,NA,NA,NA,NA,NA,NA,NA,NA,NA,NA,NA,NA,NA,NA,NA,NA,NA,NA,NA,NA,NA,NA,NA,NA,NA,NA,NA,NA,NA,NA,NA,NA,NA,NA,NA,NA,NA,NA,NA,-1.9,-2.2,-2.4,-2,-2.6,-2.2,-2.2,-2.3,-2.4,-2.6,-2.3,-2.6,-2.7,-2.8,-3.1,-3.3,-3,-3.4,-3.8,-3.6,-3.5,-3.4,-3.4,-3.5,-3.7,-3.7,-3.9,-3.8,-3.7,-2.9,-3.9,-4.3,-5.2,-4.8,-5.8,-5.9,-5.8,-5.9,-5.7,-6.1
"44","36","Net lending or net borrowing (-), NIPAs","W162RC1",9.4,9.9,10.1,7.8,4.9,3,0.9,0.8,2.2,1.7,0.6,-1,-1,-1.3,-2.7,-2.5,-1.7,0.3,2.2,2.7,3.5,1.1,-1.1,-1.2,-1.4,-1.8,-1.2,-0.9,-0.5,0.3,-0.1,0.9,0.5,-0.2,0.8,0.4,0.9,2.2,3,4.5,5.5,4.8,4.9,3.6,1.5,0.8,1,-0.2,-1.5,-2.1,-0.6,-0.9,1.7,2.5,3.7,4.8,5.3,4,3.8,3.7,3.1,4.8,4.1,3.2,3.9,5.3,4.6,6,8.2,6.7,7.6,7.3,5.7,7,6,5.9,4.7,3.9,2.7,3.9,4.4,3.6,3.2,2.8,1.7,2.2,1.5,0.8,1.6,0.6,1.4,2.7
"45","37","  Private","W994RC1",NA,NA,NA,NA,NA,NA,NA,NA,NA,NA,NA,NA,NA,NA,NA,NA,NA,NA,NA,NA,NA,NA,NA,NA,NA,NA,NA,NA,NA,NA,NA,NA,NA,NA,NA,NA,NA,NA,NA,NA,NA,NA,NA,NA,NA,NA,NA,NA,NA,NA,NA,NA,-2.1,1.9,6.1,10.8,13.7,13.1,11.6,10.6,12.1,13.2,11.8,11.3,9.1,8,9,10,15.4,18.7,15.4,12.2,6.1,8,15.7,15.5,9.8,8.9,11.7,17,26.6,25,25.1,21.9,17,19.4,9.9,8.3,-2.3,-3.2,2.8,3.4
"46","38","    Domestic business","W995RC1",NA,NA,NA,NA,NA,NA,NA,NA,NA,NA,NA,NA,NA,NA,NA,NA,NA,NA,NA,NA,NA,NA,NA,NA,NA,NA,NA,NA,NA,NA,NA,NA,NA,NA,NA,NA,NA,NA,NA,NA,NA,NA,NA,NA,NA,NA,NA,NA,NA,NA,NA,NA,-8,-3.4,-1.9,3.7,2.8,1.3,-2.7,-3.8,-2.3,-0.2,-1.1,0,-2.3,-2,-0.2,-2.5,3.1,0.9,-0.8,-8,-9.5,-7.7,-5.7,-3.2,-7.1,-9.5,-9.4,-10.8,-7,-3.8,-6.1,-9.5,-12.8,-11.8,-12.1,-14.1,-17.8,-21.6,-27.3,-29.6
"47","39","    Households and institutions","W996RC1",NA,NA,NA,NA,NA,NA,NA,NA,NA,NA,NA,NA,NA,NA,NA,NA,NA,NA,NA,NA,NA,NA,NA,NA,NA,NA,NA,NA,NA,NA,NA,NA,NA,NA,NA,NA,NA,NA,NA,NA,NA,NA,NA,NA,NA,NA,NA,NA,NA,NA,NA,NA,5.9,5.3,8,7.1,11,11.8,14.3,14.4,14.3,13.5,12.9,11.3,11.4,10,9.3,12.5,12.3,17.7,16.2,20.1,15.6,15.7,21.3,18.7,16.8,18.4,21.1,27.7,33.6,28.8,31.2,31.4,29.8,31.3,22,22.5,15.5,18.4,30.1,32.9
"48","40","  Government","AD01RC1",NA,NA,NA,NA,NA,NA,NA,NA,NA,NA,NA,NA,NA,NA,NA,NA,NA,NA,NA,NA,NA,NA,NA,NA,NA,NA,NA,NA,NA,NA,NA,NA,NA,NA,NA,NA,NA,NA,NA,NA,NA,NA,NA,NA,NA,NA,NA,NA,NA,NA,NA,NA,3.8,0.6,-2.4,-6,-8.4,-9.1,-7.9,-6.9,-9,-8.5,-7.7,-8.1,-5.2,-2.7,-4.4,-4,-7.1,-11.9,-7.8,-4.8,-0.4,-0.9,-9.7,-9.6,-5.1,-5,-9,-13,-22.2,-21.5,-22,-19.1,-15.3,-17.2,-8.4,-7.5,3.9,3.8,-1.4,-0.6
"49","41","    Federal","AD02RC1",NA,NA,NA,NA,NA,NA,NA,NA,NA,NA,NA,NA,NA,NA,NA,NA,NA,NA,NA,NA,NA,NA,NA,NA,NA,NA,NA,NA,NA,NA,NA,NA,NA,NA,NA,NA,NA,NA,NA,NA,NA,NA,NA,NA,NA,NA,NA,NA,NA,NA,NA,NA,6.6,3.5,0.7,-2.7,-4.5,-5.6,-4.4,-2.6,-5.6,-5.4,-4.5,-5.1,-1.6,0.6,-1.1,-0.5,-3.8,-8.2,-4.7,-1.5,3.3,3.3,-4.4,-4.4,-0.8,-0.9,-4.8,-6.9,-15.3,-13.3,-15,-12.7,-9.2,-10.7,-2,-0.9,10.3,9.9,3.4,2.7
"50","42","    State and local","AD03RC1",NA,NA,NA,NA,NA,NA,NA,NA,NA,NA,NA,NA,NA,NA,NA,NA,NA,NA,NA,NA,NA,NA,NA,NA,NA,NA,NA,NA,NA,NA,NA,NA,NA,NA,NA,NA,NA,NA,NA,NA,NA,NA,NA,NA,NA,NA,NA,NA,NA,NA,NA,NA,-2.8,-2.9,-3.1,-3.4,-3.9,-3.5,-3.4,-4.3,-3.4,-3.1,-3.1,-3,-3.6,-3.3,-3.3,-3.5,-3.3,-3.8,-3.2,-3.3,-3.7,-4.2,-5.4,-5.3,-4.3,-4.1,-4.2,-6.2,-6.9,-8.1,-6.9,-6.4,-6.1,-6.5,-6.4,-6.6,-6.4,-6.1,-4.8,-3.3
"51","43","    Statistical discrepancy","A030RC1",0.8,2.6,2.4,3.3,0.7,-1.3,-0.4,-1.1,0.6,1.2,2.3,3.2,3.7,1.3,0.6,-0.1,2.5,3.9,5,2.9,3.5,2.2,2.1,3.2,3.4,3.5,3.3,5.6,2.9,2.7,3.7,3.1,4,1.7,2.4,1.4,-1,-1.8,-1.9,-2.5,-0.5,-1.4,0.9,0.6,-1.7,0.4,2.8,2.4,0.6,-1.5,2.3,0.6,0.3,-1.1,0.4,-3.4,-1.2,-0.4,0.3,-1,1,1.5,1.5,-2.8,-1.1,-2.8,0.9,-0.3,3.1,1.7,1.2,-2.9,-1.5,-1,3.3,5.2,7.5,5.5,5.8,5.9,9,4.9,3,1.1,5.8,7.7,2.7,1.1,6.6,3.3,2.4,-0.8
"52",NA,"Addenda:"," ",NA,NA,NA,NA,NA,NA,NA,NA,NA,NA,NA,NA,NA,NA,NA,NA,NA,NA,NA,NA,NA,NA,NA,NA,NA,NA,NA,NA,NA,NA,NA,NA,NA,NA,NA,NA,NA,NA,NA,NA,NA,NA,NA,NA,NA,NA,NA,NA,NA,NA,NA,NA,NA,NA,NA,NA,NA,NA,NA,NA,NA,NA,NA,NA,NA,NA,NA,NA,NA,NA,NA,NA,NA,NA,NA,NA,NA,NA,NA,NA,NA,NA,NA,NA,NA,NA,NA,NA,NA,NA,NA,NA
"53","44","  Gross private saving","A126RC1",28,26.5,31.4,31,36.7,43.2,46.4,47.9,43.7,40.3,42.4,37.9,48.2,45.4,39.9,50,42.5,56.4,59.1,58.9,58.2,55.7,59,58.8,59.7,60.4,59.8,57.9,60.9,59.7,59.8,62.5,63.7,66.6,68.6,69.4,71.5,73.9,76.2,77.3,77.8,79.9,79.8,76.8,75.8,76.5,81,84.7,84.2,88.1,81.4,84.7,87.5,83.5,85.1,83.4,86.3,90,94.5,96.8,101.1,100.5,100.5,101,101.9,103.9,104.2,108.9,113.8,118.7,117.8,121.9,124.9,126.7,133.7,133.9,135.4,136,137.7,145.8,149.3,146.7,152.4,157.6,152.6,158.5,150.5,154.4,150.1,152.7,164.2,161.7
"54","45","    Domestic business","W997RC1",NA,NA,NA,NA,NA,NA,NA,NA,NA,NA,NA,NA,NA,NA,NA,NA,NA,NA,NA,NA,NA,NA,NA,NA,NA,NA,NA,NA,NA,NA,NA,NA,NA,NA,NA,NA,NA,NA,NA,NA,NA,NA,NA,NA,NA,NA,NA,NA,NA,NA,NA,NA,53.2,51.4,51.4,50.3,49.7,52.7,53.6,55.2,59.3,58.7,59.5,61.8,61.9,63.6,64.4,65.3,69,68.8,69.6,69.3,76.2,77.5,78.4,80.7,83.8,84.1,84.1,87.5,85.6,85.2,86.9,90.2,86.7,90.3,91,92.7,93.4,92.8,92.9,89.6
"55","46","    Households and institutions","W998RC1",NA,NA,NA,NA,NA,NA,NA,NA,NA,NA,NA,NA,NA,NA,NA,NA,NA,NA,NA,NA,NA,NA,NA,NA,NA,NA,NA,NA,NA,NA,NA,NA,NA,NA,NA,NA,NA,NA,NA,NA,NA,NA,NA,NA,NA,NA,NA,NA,NA,NA,NA,NA,34.2,32.1,33.7,33.1,36.6,37.3,40.9,41.6,41.7,41.8,41,39.2,40,40.3,39.8,43.6,44.8,49.8,48.2,52.6,48.7,49.2,55.3,53.2,51.7,52,53.7,58.3,63.8,61.6,65.5,67.3,65.8,68.2,59.5,61.7,56.7,59.9,71.3,72.2
"56","47","  Gross government saving","A927RC1",18.6,17.5,13.7,19.6,18.7,16,12.2,11,7.4,3.8,3.6,3.4,0.6,11.3,23.2,24.1,28.3,21.1,16.5,17.6,18.9,15.1,14.1,16.9,17.4,17.1,17.4,11,11,12.4,12.8,14.5,18,21.5,20.5,23.7,25.2,23.8,25.1,24.6,24.2,22.1,22.1,15.8,13,7.9,10.1,14.2,20.4,23,21.5,21,30.7,27.3,25.9,21.7,21.9,20.2,22.5,25,23.4,23.3,25.2,24.7,26.6,29.1,29.4,28.7,26.2,21.6,25.8,27.8,32.2,32,25,25.3,32.1,31.3,29.6,27,18.8,17.6,19.5,20.3,23.6,23.5,31.9,33.3,45.9,43.7,38.8,36.6
"57","48","    Federal","A926RC1",15.3,14.1,10.7,16.3,15.7,12.7,8.9,7.4,3.7,0.2,-0.1,0,-2.5,8.5,19.3,20.1,23.2,16,11.5,12.2,13.3,10,8,10.7,11.7,10.2,11.1,4.6,4.6,6.2,6.9,8.5,12,15.2,13.5,16.6,17.5,15.8,17,16.6,15.7,13.9,14.1,8.3,6.4,1.4,3.4,6.5,13.2,15.2,13.1,12.4,22.1,18.7,17.2,12.8,13.2,11.5,13.3,15.6,13.5,13.4,14.6,14.1,16,18.3,17.9,17.3,14.2,9.6,13.5,15.6,20,19.2,12.2,12.1,17.7,16.4,14.7,12.6,3.9,3.4,5.5,5.3,8.4,7,16.1,17.4,29.6,26.7,20.9,18.6
"58","49","    State and local","A925RC1",3.4,3.4,3,3.3,3,3.3,3.4,3.6,3.7,3.5,3.7,3.4,3,2.8,3.9,4.1,5.1,5,5,5.4,5.5,5.1,6.1,6.2,5.7,6.8,6.3,6.4,6.3,6.2,5.9,6,6,6.3,7,7.2,7.7,8,8.1,8,8.6,8.2,8,7.5,6.6,6.5,6.7,7.8,7.3,7.8,8.4,8.6,8.6,8.6,8.8,8.9,8.7,8.6,9.2,9.4,9.8,10,10.6,10.6,10.6,10.8,11.5,11.4,12,12,12.3,12.3,12.3,12.7,12.9,13.2,14.3,14.9,14.9,14.4,14.8,14.3,14,15,15.2,16.4,15.7,15.9,16.3,17,17.9,18
"59","50","  Net domestic investment","W171RC1",12.4,10.4,10.3,18.5,23.3,26.5,28.6,28.1,20.3,14.4,18.5,16.4,24.3,29.8,36.3,45.3,42.5,47.6,44.1,41.7,41.7,35.9,39.7,42.9,43.9,44.3,42.8,36.1,35.5,34.1,35.5,37.8,43.6,47.8,47.6,49.9,49.3,47,48.7,46.3,46.4,45.3,46.6,37.7,33.4,31.1,39.2,47.2,51.9,56.5,50.1,51.2,60.6,50.8,51,39.9,44.2,47.8,55.1,58.1,62.8,60.4,62.2,58,61.2,62,66.2,67,69.8,69.3,70.5,71.7,81.1,80.6,84.8,85.9,96.3,93.2,93.2,95.9,92.4,83.7,87.9,90.5,92.8,98.1,92.3,94.5,105.4,101.1,103.7,91.9
"60","51","    Private","A557RC1",19.1,16.7,16.1,23.6,26.9,29.5,31.1,29.5,20.9,13.7,16.7,14.2,23.2,28.2,33.9,42.8,37.9,39.9,33.8,28.3,28.9,23.3,27,29.9,30.2,30.1,29,23.6,22.5,21.9,25.1,27.9,34,37.4,38.7,41.8,39.9,37.5,37.7,35.6,35.5,34.9,35.7,26.8,21.9,19.6,25.8,33.1,35.7,41.3,35.3,38,47.7,38.2,37.1,26.2,28.1,33.3,39.6,41.1,45.9,44,45,41.3,45.3,46.6,48.9,50.7,53.4,52.7,53.8,55.1,65.4,64.5,67.3,68.3,77.1,74.8,73.1,74.3,69.8,62.8,66.3,69.3,72.1,76.8,71.5,74.5,84.1,82.2,84.9,76.5
"61","52","      Domestic business","W790RC1",NA,NA,NA,NA,NA,NA,NA,NA,NA,NA,NA,NA,NA,NA,NA,NA,NA,NA,NA,NA,NA,NA,NA,NA,NA,NA,NA,NA,NA,NA,NA,NA,NA,NA,NA,NA,NA,NA,NA,NA,NA,NA,NA,NA,NA,NA,NA,NA,NA,NA,NA,NA,27.6,20,19.8,9.2,11.4,16.6,22,23,27.5,25.1,26.3,22.8,26.3,26.1,28.4,29.4,31,31.2,32.6,33.7,43.5,42.3,44.9,45.8,54.5,53.6,53,56.4,52.6,43.2,45.6,46.9,49.5,54,48.7,50.5,58.8,57.2,60.3,54.2
"62","53","      Households and institutions","W791RC1",NA,NA,NA,NA,NA,NA,NA,NA,NA,NA,NA,NA,NA,NA,NA,NA,NA,NA,NA,NA,NA,NA,NA,NA,NA,NA,NA,NA,NA,NA,NA,NA,NA,NA,NA,NA,NA,NA,NA,NA,NA,NA,NA,NA,NA,NA,NA,NA,NA,NA,NA,NA,20.2,18.2,17.3,17,16.7,16.7,17.5,18.1,18.4,19,18.8,18.4,19,20.5,20.5,21.3,22.4,21.5,21.2,21.4,21.8,22.2,22.4,22.5,22.6,21.2,20.1,17.9,17.2,19.7,20.7,22.4,22.6,22.9,22.9,24,25.4,25,24.6,22.3
"63","54","    Government","A889RC1",-6.7,-6.3,-5.8,-5.1,-3.6,-2.9,-2.5,-1.3,-0.7,0.7,1.9,2.2,1.1,1.6,2.4,2.4,4.6,7.7,10.3,13.4,12.8,12.6,12.7,13,13.7,14.2,13.8,12.5,13,12.1,10.4,9.9,9.5,10.4,8.9,8.2,9.3,9.6,11,10.7,10.9,10.4,10.9,11,11.5,11.5,13.4,14.1,16.3,15.1,14.8,13.2,12.9,12.6,13.9,13.7,16,14.5,15.6,17,16.9,16.4,17.1,16.8,15.8,15.4,17.3,16.2,16.4,16.6,16.6,16.6,15.7,16,17.5,17.5,19.3,18.3,20.1,21.5,22.6,20.9,21.6,21.3,20.6,21.2,20.7,20,21.3,18.8,18.7,15.4
"64","55","      Federal","A890RC1",-7.6,-7.2,-6.8,-6.4,-5.1,-4.8,-4.6,-3.7,-3.3,-2.5,-1.7,-1.4,-2.4,-2,-1.4,-1.5,0.5,3.2,5.7,8.9,8.1,8,8.3,8.3,8.8,9.4,8.7,6.9,6.9,5.9,4,3.5,2.8,3.4,1.9,1.2,1.8,1.8,3.3,2.9,2.3,1.8,2.3,2.1,2.4,2.3,3.7,4,6,5.1,5.3,4.4,3.9,3.2,4.1,3.9,5.5,4.8,5.5,5.8,6.2,5.7,6.2,5.7,4.1,3.7,4.8,3.5,3.6,3.2,3.2,3.3,2.4,1.8,2.2,2,3.5,2.4,4.1,4.3,4.5,3,4.4,3.4,2.1,1.7,1.1,0.2,1.7,-0.9,-0.2,-2.2
"65","56","      State and local","A893RC1",0.9,0.9,1,1.2,1.4,1.8,2.1,2.4,2.6,3.2,3.5,3.6,3.5,3.6,3.8,4,4.1,4.5,4.6,4.5,4.6,4.6,4.5,4.7,4.9,4.8,5.1,5.6,6.1,6.2,6.5,6.5,6.8,7,7,7,7.6,7.8,7.8,7.8,8.6,8.6,8.6,8.9,9.2,9.2,9.7,10.1,10.3,10,9.6,8.8,9,9.4,9.8,9.8,10.6,9.7,10.1,11.2,10.7,10.7,10.9,11.1,11.8,11.7,12.5,12.7,12.7,13.4,13.5,13.3,13.4,14.2,15.3,15.6,15.8,15.9,16.1,17.2,18.2,17.9,17.2,17.9,18.5,19.6,19.6,19.7,19.6,19.7,18.9,17.6
"66","57","  Gross saving as a percentage of gross national income","W206RC1",19.6,18.4,18.5,20.1,21.2,21.9,21.3,21.2,18.9,16.5,17.3,15.7,17.9,19.9,20.8,23.5,21.6,23.2,22.2,22,22,20.1,20.4,20.4,20.4,20.3,20.3,18.5,19.2,19.2,19.1,19.8,20.4,21.4,21.2,21.8,22.4,22.3,22.8,22.5,22.1,22,21.7,20,19.4,18.3,19.3,20.4,21,21.7,20.2,20.5,22.3,20.9,20.9,19.8,20.3,20.3,21.2,21.5,21.5,21.1,21.2,20.9,21.1,21.5,21.3,21.6,21.5,21.2,21.3,21.9,22.4,22.2,21.8,21.3,21.8,21.5,21.1,21.4,20.7,20,20.5,20.8,20,20.2,19.8,19.9,20.4,20.1,20.3,19.6
"67","58","  Net saving as a percentage of gross national income","W207RC1",8.8,7.4,7.4,9.1,10.5,11.4,10.9,10.8,8.1,5.6,6.3,4.6,7.2,9.6,10.9,13.6,11.7,13.2,12.1,12,11.9,9.9,10.2,10.4,10.4,10.2,10.1,7.9,8.6,8.4,8.4,9.2,10,11.1,11,11.5,11.8,11.6,12.1,11.8,11.4,11.1,10.8,8.8,8,6.8,7.9,9.2,10,10.9,9.3,9.6,11.7,10.3,10.2,9.1,9.5,9.6,10.6,11.1,11.2,10.9,10.9,10.7,10.9,11.3,11.1,11.5,11.5,11.2,11.4,12,12.6,12.4,12,11.6,12.2,11.8,11.4,11.6,10.8,10,10.5,10.8,10.1,10.3,9.9,10,10.5,10.1,10.3,9.4
"68","59","  Disaster losses \2\","W771RC1",NA,NA,NA,NA,NA,NA,NA,NA,NA,NA,NA,NA,NA,NA,NA,NA,NA,NA,NA,NA,NA,NA,NA,NA,NA,NA,NA,NA,NA,NA,NA,NA,NA,NA,NA,NA,NA,NA,NA,NA,NA,NA,NA,NA,NA,NA,NA,NA,NA,NA,NA,NA,NA,NA,NA,NA,NA,NA,NA,NA,NA,NA,NA,NA,NA,NA,NA,NA,NA,NA,NA,NA,NA,NA,NA,NA,NA,NA,NA,NA,NA,NA,NA,NA,NA,NA,NA,NA,NA,NA,NA,NA
"69","60","    Private","W772RC1",NA,NA,NA,NA,NA,NA,NA,NA,NA,NA,NA,NA,NA,NA,NA,NA,NA,NA,NA,NA,NA,NA,NA,NA,NA,NA,NA,NA,NA,NA,NA,NA,NA,NA,NA,NA,NA,NA,NA,NA,NA,NA,NA,NA,NA,NA,NA,NA,NA,NA,NA,NA,NA,NA,NA,NA,NA,NA,NA,NA,NA,NA,NA,NA,NA,NA,NA,NA,NA,NA,NA,NA,NA,NA,NA,NA,NA,NA,NA,NA,NA,NA,NA,NA,NA,NA,NA,NA,NA,NA,NA,NA
"70","61","      Domestic business","W773RC1",NA,NA,NA,NA,NA,NA,NA,NA,NA,NA,NA,NA,NA,NA,NA,NA,NA,NA,NA,NA,NA,NA,NA,NA,NA,NA,NA,NA,NA,NA,NA,NA,NA,NA,NA,NA,NA,NA,NA,NA,NA,NA,NA,NA,NA,NA,NA,NA,NA,NA,NA,NA,NA,NA,NA,NA,NA,NA,NA,NA,NA,NA,NA,NA,NA,NA,NA,NA,NA,NA,NA,NA,NA,NA,NA,NA,NA,NA,NA,NA,NA,NA,NA,NA,NA,NA,NA,NA,NA,NA,NA,NA
"71","62","      Households and institutions","W774RC1",NA,NA,NA,NA,NA,NA,NA,NA,NA,NA,NA,NA,NA,NA,NA,NA,NA,NA,NA,NA,NA,NA,NA,NA,NA,NA,NA,NA,NA,NA,NA,NA,NA,NA,NA,NA,NA,NA,NA,NA,NA,NA,NA,NA,NA,NA,NA,NA,NA,NA,NA,NA,NA,NA,NA,NA,NA,NA,NA,NA,NA,NA,NA,NA,NA,NA,NA,NA,NA,NA,NA,NA,NA,NA,NA,NA,NA,NA,NA,NA,NA,NA,NA,NA,NA,NA,NA,NA,NA,NA,NA,NA
"72","63","    Government","W775RC1",NA,NA,NA,NA,NA,NA,NA,NA,NA,NA,NA,NA,NA,NA,NA,NA,NA,NA,NA,NA,NA,NA,NA,NA,NA,NA,NA,NA,NA,NA,NA,NA,NA,NA,NA,NA,NA,NA,NA,NA,NA,NA,NA,NA,NA,NA,NA,NA,NA,NA,NA,NA,NA,NA,NA,NA,NA,NA,NA,NA,NA,NA,NA,NA,NA,NA,NA,NA,NA,NA,NA,NA,NA,NA,NA,NA,NA,NA,NA,NA,NA,NA,NA,NA,NA,NA,NA,NA,NA,NA,NA,NA
"73","64","      Federal","W776RC1",NA,NA,NA,NA,NA,NA,NA,NA,NA,NA,NA,NA,NA,NA,NA,NA,NA,NA,NA,NA,NA,NA,NA,NA,NA,NA,NA,NA,NA,NA,NA,NA,NA,NA,NA,NA,NA,NA,NA,NA,NA,NA,NA,NA,NA,NA,NA,NA,NA,NA,NA,NA,NA,NA,NA,NA,NA,NA,NA,NA,NA,NA,NA,NA,NA,NA,NA,NA,NA,NA,NA,NA,NA,NA,NA,NA,NA,NA,NA,NA,NA,NA,NA,NA,NA,NA,NA,NA,NA,NA,NA,NA
"74","65","      State and local","W777RC1",NA,NA,NA,NA,NA,NA,NA,NA,NA,NA,NA,NA,NA,NA,NA,NA,NA,NA,NA,NA,NA,NA,NA,NA,NA,NA,NA,NA,NA,NA,NA,NA,NA,NA,NA,NA,NA,NA,NA,NA,NA,NA,NA,NA,NA,NA,NA,NA,NA,NA,NA,NA,NA,NA,NA,NA,NA,NA,NA,NA,NA,NA,NA,NA,NA,NA,NA,NA,NA,NA,NA,NA,NA,NA,NA,NA,NA,NA,NA,NA,NA,NA,NA,NA,NA,NA,NA,NA,NA,NA,NA,NA
"75",NA,NA,NA,NA,NA,NA,NA,NA,NA,NA,NA,NA,NA,NA,NA,NA,NA,NA,NA,NA,NA,NA,NA,NA,NA,NA,NA,NA,NA,NA,NA,NA,NA,NA,NA,NA,NA,NA,NA,NA,NA,NA,NA,NA,NA,NA,NA,NA,NA,NA,NA,NA,NA,NA,NA,NA,NA,NA,NA,NA,NA,NA,NA,NA,NA,NA,NA,NA,NA,NA,NA,NA,NA,NA,NA,NA,NA,NA,NA,NA,NA,NA,NA,NA,NA,NA,NA,NA,NA,NA,NA,NA,NA,NA,NA
"76","1. Consists of capital transfers and the acquisition and disposal of nonproduced",NA,NA,NA,NA,NA,NA,NA,NA,NA,NA,NA,NA,NA,NA,NA,NA,NA,NA,NA,NA,NA,NA,NA,NA,NA,NA,NA,NA,NA,NA,NA,NA,NA,NA,NA,NA,NA,NA,NA,NA,NA,NA,NA,NA,NA,NA,NA,NA,NA,NA,NA,NA,NA,NA,NA,NA,NA,NA,NA,NA,NA,NA,NA,NA,NA,NA,NA,NA,NA,NA,NA,NA,NA,NA,NA,NA,NA,NA,NA,NA,NA,NA,NA,NA,NA,NA,NA,NA,NA,NA,NA,NA,NA,NA
"77","nonfinancial assets.  Prior to 1982, reflects only capital grants paid to the U.S.",NA,NA,NA,NA,NA,NA,NA,NA,NA,NA,NA,NA,NA,NA,NA,NA,NA,NA,NA,NA,NA,NA,NA,NA,NA,NA,NA,NA,NA,NA,NA,NA,NA,NA,NA,NA,NA,NA,NA,NA,NA,NA,NA,NA,NA,NA,NA,NA,NA,NA,NA,NA,NA,NA,NA,NA,NA,NA,NA,NA,NA,NA,NA,NA,NA,NA,NA,NA,NA,NA,NA,NA,NA,NA,NA,NA,NA,NA,NA,NA,NA,NA,NA,NA,NA,NA,NA,NA,NA,NA,NA,NA,NA,NA
"78","territories and the Commonwealths of Puerto Rico and Northern Mariana Islands.",NA,NA,NA,NA,NA,NA,NA,NA,NA,NA,NA,NA,NA,NA,NA,NA,NA,NA,NA,NA,NA,NA,NA,NA,NA,NA,NA,NA,NA,NA,NA,NA,NA,NA,NA,NA,NA,NA,NA,NA,NA,NA,NA,NA,NA,NA,NA,NA,NA,NA,NA,NA,NA,NA,NA,NA,NA,NA,NA,NA,NA,NA,NA,NA,NA,NA,NA,NA,NA,NA,NA,NA,NA,NA,NA,NA,NA,NA,NA,NA,NA,NA,NA,NA,NA,NA,NA,NA,NA,NA,NA,NA,NA,NA
"79","2. Consists of damages to fixed assets.",NA,NA,NA,NA,NA,NA,NA,NA,NA,NA,NA,NA,NA,NA,NA,NA,NA,NA,NA,NA,NA,NA,NA,NA,NA,NA,NA,NA,NA,NA,NA,NA,NA,NA,NA,NA,NA,NA,NA,NA,NA,NA,NA,NA,NA,NA,NA,NA,NA,NA,NA,NA,NA,NA,NA,NA,NA,NA,NA,NA,NA,NA,NA,NA,NA,NA,NA,NA,NA,NA,NA,NA,NA,NA,NA,NA,NA,NA,NA,NA,NA,NA,NA,NA,NA,NA,NA,NA,NA,NA,NA,NA,NA,NA
