"","Table 7#2#5S# Auto and Truck Unit Sales, Production, Inventories","F2","F3","F4","F5","F6","F7","F8","F9","F10","F11","F12","F13","F14","F15","F16","F17","F18","F19","F20","F21","F22","F23","F24","F25","F26","F27","F28","F29","F30","F31","F32","F33","F34","F35","F36","F37","F38","F39","F40","F41","F42","F43","F44","F45","F46","F47","F48","F49","F50","F51","F52","F53","F54","F55","F56","F57","F58","F59","F60","F61","F62","F63","F64","F65","F66","F67","F68","F69","F70","F71","F72","F73","F74","F75","F76","F77","F78","F79","F80","F81","F82","F83","F84","F85","F86","F87","F88","F89","F90","F91","F92","F93","F94","F95","F96","F97","F98","F99","F100","F101","F102","F103","F104","F105","F106","F107","F108","F109","F110","F111","F112","F113","F114","F115","F116","F117","F118","F119","F120","F121","F122","F123","F124","F125","F126","F127","F128","F129","F130","F131","F132","F133","F134","F135","F136","F137","F138","F139","F140","F141","F142","F143","F144","F145","F146","F147","F148","F149","F150","F151","F152","F153","F154","F155","F156","F157","F158","F159","F160","F161","F162","F163","F164","F165","F166","F167","F168","F169","F170","F171","F172","F173","F174","F175","F176","F177","F178","F179","F180","F181","F182","F183","F184","F185","F186","F187","F188","F189","F190","F191","F192","F193","F194","F195","F196","F197","F198","F199","F200","F201","F202","F203","F204","F205","F206","F207","F208","F209","F210","F211","F212","F213","F214","F215","F216","F217","F218","F219"
"1","",NA,NA,NA,NA,NA,NA,NA,NA,NA,NA,NA,NA,NA,NA,NA,NA,NA,NA,NA,NA,NA,NA,NA,NA,NA,NA,NA,NA,NA,NA,NA,NA,NA,NA,NA,NA,NA,NA,NA,NA,NA,NA,NA,NA,NA,NA,NA,NA,NA,NA,NA,NA,NA,NA,NA,NA,NA,NA,NA,NA,NA,NA,NA,NA,NA,NA,NA,NA,NA,NA,NA,NA,NA,NA,NA,NA,NA,NA,NA,NA,NA,NA,NA,NA,NA,NA,NA,NA,NA,NA,NA,NA,NA,NA,NA,NA,NA,NA,NA,NA,NA,NA,NA,NA,NA,NA,NA,NA,NA,NA,NA,NA,NA,NA,NA,NA,NA,NA,NA,NA,NA,NA,NA,NA,NA,NA,NA,NA,NA,NA,NA,NA,NA,NA,NA,NA,NA,NA,NA,NA,NA,NA,NA,NA,NA,NA,NA,NA,NA,NA,NA,NA,NA,NA,NA,NA,NA,NA,NA,NA,NA,NA,NA,NA,NA,NA,NA,NA,NA,NA,NA,NA,NA,NA,NA,NA,NA,NA,NA,NA,NA,NA,NA,NA,NA,NA,NA,NA,NA,NA,NA,NA,NA,NA,NA,NA,NA,NA,NA,NA,NA,NA,NA,NA,NA,NA,NA,NA,NA,NA,NA,NA,NA,NA,NA,NA,NA,NA
"2","Monthly data from 1967 To 2010",NA,NA,NA,NA,NA,NA,NA,NA,NA,NA,NA,NA,NA,NA,NA,NA,NA,NA,NA,NA,NA,NA,NA,NA,NA,NA,NA,NA,NA,NA,NA,NA,NA,NA,NA,NA,NA,NA,NA,NA,NA,NA,NA,NA,NA,NA,NA,NA,NA,NA,NA,NA,NA,NA,NA,NA,NA,NA,NA,NA,NA,NA,NA,NA,NA,NA,NA,NA,NA,NA,NA,NA,NA,NA,NA,NA,NA,NA,NA,NA,NA,NA,NA,NA,NA,NA,NA,NA,NA,NA,NA,NA,NA,NA,NA,NA,NA,NA,NA,NA,NA,NA,NA,NA,NA,NA,NA,NA,NA,NA,NA,NA,NA,NA,NA,NA,NA,NA,NA,NA,NA,NA,NA,NA,NA,NA,NA,NA,NA,NA,NA,NA,NA,NA,NA,NA,NA,NA,NA,NA,NA,NA,NA,NA,NA,NA,NA,NA,NA,NA,NA,NA,NA,NA,NA,NA,NA,NA,NA,NA,NA,NA,NA,NA,NA,NA,NA,NA,NA,NA,NA,NA,NA,NA,NA,NA,NA,NA,NA,NA,NA,NA,NA,NA,NA,NA,NA,NA,NA,NA,NA,NA,NA,NA,NA,NA,NA,NA,NA,NA,NA,NA,NA,NA,NA,NA,NA,NA,NA,NA,NA,NA,NA,NA,NA,NA,NA,NA
"3","Bureau of Economic Analysis",NA,NA,NA,NA,NA,NA,NA,NA,NA,NA,NA,NA,NA,NA,NA,NA,NA,NA,NA,NA,NA,NA,NA,NA,NA,NA,NA,NA,NA,NA,NA,NA,NA,NA,NA,NA,NA,NA,NA,NA,NA,NA,NA,NA,NA,NA,NA,NA,NA,NA,NA,NA,NA,NA,NA,NA,NA,NA,NA,NA,NA,NA,NA,NA,NA,NA,NA,NA,NA,NA,NA,NA,NA,NA,NA,NA,NA,NA,NA,NA,NA,NA,NA,NA,NA,NA,NA,NA,NA,NA,NA,NA,NA,NA,NA,NA,NA,NA,NA,NA,NA,NA,NA,NA,NA,NA,NA,NA,NA,NA,NA,NA,NA,NA,NA,NA,NA,NA,NA,NA,NA,NA,NA,NA,NA,NA,NA,NA,NA,NA,NA,NA,NA,NA,NA,NA,NA,NA,NA,NA,NA,NA,NA,NA,NA,NA,NA,NA,NA,NA,NA,NA,NA,NA,NA,NA,NA,NA,NA,NA,NA,NA,NA,NA,NA,NA,NA,NA,NA,NA,NA,NA,NA,NA,NA,NA,NA,NA,NA,NA,NA,NA,NA,NA,NA,NA,NA,NA,NA,NA,NA,NA,NA,NA,NA,NA,NA,NA,NA,NA,NA,NA,NA,NA,NA,NA,NA,NA,NA,NA,NA,NA,NA,NA,NA,NA,NA,NA
"4","Data published June 28, 2010     ",NA,NA,NA,NA,NA,NA,NA,NA,NA,NA,NA,NA,NA,NA,NA,NA,NA,NA,NA,NA,NA,NA,NA,NA,NA,NA,NA,NA,NA,NA,NA,NA,NA,NA,NA,NA,NA,NA,NA,NA,NA,NA,NA,NA,NA,NA,NA,NA,NA,NA,NA,NA,NA,NA,NA,NA,NA,NA,NA,NA,NA,NA,NA,NA,NA,NA,NA,NA,NA,NA,NA,NA,NA,NA,NA,NA,NA,NA,NA,NA,NA,NA,NA,NA,NA,NA,NA,NA,NA,NA,NA,NA,NA,NA,NA,NA,NA,NA,NA,NA,NA,NA,NA,NA,NA,NA,NA,NA,NA,NA,NA,NA,NA,NA,NA,NA,NA,NA,NA,NA,NA,NA,NA,NA,NA,NA,NA,NA,NA,NA,NA,NA,NA,NA,NA,NA,NA,NA,NA,NA,NA,NA,NA,NA,NA,NA,NA,NA,NA,NA,NA,NA,NA,NA,NA,NA,NA,NA,NA,NA,NA,NA,NA,NA,NA,NA,NA,NA,NA,NA,NA,NA,NA,NA,NA,NA,NA,NA,NA,NA,NA,NA,NA,NA,NA,NA,NA,NA,NA,NA,NA,NA,NA,NA,NA,NA,NA,NA,NA,NA,NA,NA,NA,NA,NA,NA,NA,NA,NA,NA,NA,NA,NA,NA,NA,NA,NA,NA
"5","File created 6/25/2010 9:47:10 AM",NA,NA,NA,NA,NA,NA,NA,NA,NA,NA,NA,NA,NA,NA,NA,NA,NA,NA,NA,NA,NA,NA,NA,NA,NA,NA,NA,NA,NA,NA,NA,NA,NA,NA,NA,NA,NA,NA,NA,NA,NA,NA,NA,NA,NA,NA,NA,NA,NA,NA,NA,NA,NA,NA,NA,NA,NA,NA,NA,NA,NA,NA,NA,NA,NA,NA,NA,NA,NA,NA,NA,NA,NA,NA,NA,NA,NA,NA,NA,NA,NA,NA,NA,NA,NA,NA,NA,NA,NA,NA,NA,NA,NA,NA,NA,NA,NA,NA,NA,NA,NA,NA,NA,NA,NA,NA,NA,NA,NA,NA,NA,NA,NA,NA,NA,NA,NA,NA,NA,NA,NA,NA,NA,NA,NA,NA,NA,NA,NA,NA,NA,NA,NA,NA,NA,NA,NA,NA,NA,NA,NA,NA,NA,NA,NA,NA,NA,NA,NA,NA,NA,NA,NA,NA,NA,NA,NA,NA,NA,NA,NA,NA,NA,NA,NA,NA,NA,NA,NA,NA,NA,NA,NA,NA,NA,NA,NA,NA,NA,NA,NA,NA,NA,NA,NA,NA,NA,NA,NA,NA,NA,NA,NA,NA,NA,NA,NA,NA,NA,NA,NA,NA,NA,NA,NA,NA,NA,NA,NA,NA,NA,NA,NA,NA,NA,NA,NA,NA
"6",NA,NA,NA,NA,NA,NA,NA,NA,NA,NA,NA,NA,NA,NA,NA,NA,NA,NA,NA,NA,NA,NA,NA,NA,NA,NA,NA,NA,NA,NA,NA,NA,NA,NA,NA,NA,NA,NA,NA,NA,NA,NA,NA,NA,NA,NA,NA,NA,NA,NA,NA,NA,NA,NA,NA,NA,NA,NA,NA,NA,NA,NA,NA,NA,NA,NA,NA,NA,NA,NA,NA,NA,NA,NA,NA,NA,NA,NA,NA,NA,NA,NA,NA,NA,NA,NA,NA,NA,NA,NA,NA,NA,NA,NA,NA,NA,NA,NA,NA,NA,NA,NA,NA,NA,NA,NA,NA,NA,NA,NA,NA,NA,NA,NA,NA,NA,NA,NA,NA,NA,NA,NA,NA,NA,NA,NA,NA,NA,NA,NA,NA,NA,NA,NA,NA,NA,NA,NA,NA,NA,NA,NA,NA,NA,NA,NA,NA,NA,NA,NA,NA,NA,NA,NA,NA,NA,NA,NA,NA,NA,NA,NA,NA,NA,NA,NA,NA,NA,NA,NA,NA,NA,NA,NA,NA,NA,NA,NA,NA,NA,NA,NA,NA,NA,NA,NA,NA,NA,NA,NA,NA,NA,NA,NA,NA,NA,NA,NA,NA,NA,NA,NA,NA,NA,NA,NA,NA,NA,NA,NA,NA,NA,NA,NA,NA,NA,NA,NA,NA
"7","Line",NA,NA,1967,1967,1967,1967,1967,1967,1967,1967,1967,1967,1967,1967,1968,1968,1968,1968,1968,1968,1968,1968,1968,1968,1968,1968,1969,1969,1969,1969,1969,1969,1969,1969,1969,1969,1969,1969,1970,1970,1970,1970,1970,1970,1970,1970,1970,1970,1970,1970,1971,1971,1971,1971,1971,1971,1971,1971,1971,1971,1971,1971,1972,1972,1972,1972,1972,1972,1972,1972,1972,1972,1972,1972,1973,1973,1973,1973,1973,1973,1973,1973,1973,1973,1973,1973,1974,1974,1974,1974,1974,1974,1974,1974,1974,1974,1974,1974,1975,1975,1975,1975,1975,1975,1975,1975,1975,1975,1975,1975,1976,1976,1976,1976,1976,1976,1976,1976,1976,1976,1976,1976,1977,1977,1977,1977,1977,1977,1977,1977,1977,1977,1977,1977,1978,1978,1978,1978,1978,1978,1978,1978,1978,1978,1978,1978,1979,1979,1979,1979,1979,1979,1979,1979,1979,1979,1979,1979,1980,1980,1980,1980,1980,1980,1980,1980,1980,1980,1980,1980,1981,1981,1981,1981,1981,1981,1981,1981,1981,1981,1981,1981,1982,1982,1982,1982,1982,1982,1982,1982,1982,1982,1982,1982,1983,1983,1983,1983,1983,1983,1983,1983,1983,1983,1983,1983,1984,1984,1984,1984,1984,1984,1984,1984,1984,1984,1984,1984
"8",NA,NA,NA,1,2,3,4,5,6,7,8,9,10,11,12,1,2,3,4,5,6,7,8,9,10,11,12,1,2,3,4,5,6,7,8,9,10,11,12,1,2,3,4,5,6,7,8,9,10,11,12,1,2,3,4,5,6,7,8,9,10,11,12,1,2,3,4,5,6,7,8,9,10,11,12,1,2,3,4,5,6,7,8,9,10,11,12,1,2,3,4,5,6,7,8,9,10,11,12,1,2,3,4,5,6,7,8,9,10,11,12,1,2,3,4,5,6,7,8,9,10,11,12,1,2,3,4,5,6,7,8,9,10,11,12,1,2,3,4,5,6,7,8,9,10,11,12,1,2,3,4,5,6,7,8,9,10,11,12,1,2,3,4,5,6,7,8,9,10,11,12,1,2,3,4,5,6,7,8,9,10,11,12,1,2,3,4,5,6,7,8,9,10,11,12,1,2,3,4,5,6,7,8,9,10,11,12,1,2,3,4,5,6,7,8,9,10,11,12
"9",NA,"Unit auto sales:"," ",NA,NA,NA,NA,NA,NA,NA,NA,NA,NA,NA,NA,NA,NA,NA,NA,NA,NA,NA,NA,NA,NA,NA,NA,NA,NA,NA,NA,NA,NA,NA,NA,NA,NA,NA,NA,NA,NA,NA,NA,NA,NA,NA,NA,NA,NA,NA,NA,NA,NA,NA,NA,NA,NA,NA,NA,NA,NA,NA,NA,NA,NA,NA,NA,NA,NA,NA,NA,NA,NA,NA,NA,NA,NA,NA,NA,NA,NA,NA,NA,NA,NA,NA,NA,NA,NA,NA,NA,NA,NA,NA,NA,NA,NA,NA,NA,NA,NA,NA,NA,NA,NA,NA,NA,NA,NA,NA,NA,NA,NA,NA,NA,NA,NA,NA,NA,NA,NA,NA,NA,NA,NA,NA,NA,NA,NA,NA,NA,NA,NA,NA,NA,NA,NA,NA,NA,NA,NA,NA,NA,NA,NA,NA,NA,NA,NA,NA,NA,NA,NA,NA,NA,NA,NA,NA,NA,NA,NA,NA,NA,NA,NA,NA,NA,NA,NA,NA,NA,NA,NA,NA,NA,NA,NA,NA,NA,NA,NA,NA,NA,NA,NA,NA,NA,NA,NA,NA,NA,NA,NA,NA,NA,NA,NA,NA,NA,NA,NA,NA,NA,NA,NA,NA,NA,NA,NA,NA,NA,NA,NA,NA,NA,NA,NA,NA,NA
"10",NA,"  Not seasonally adjusted (Thousands):"," ",NA,NA,NA,NA,NA,NA,NA,NA,NA,NA,NA,NA,NA,NA,NA,NA,NA,NA,NA,NA,NA,NA,NA,NA,NA,NA,NA,NA,NA,NA,NA,NA,NA,NA,NA,NA,NA,NA,NA,NA,NA,NA,NA,NA,NA,NA,NA,NA,NA,NA,NA,NA,NA,NA,NA,NA,NA,NA,NA,NA,NA,NA,NA,NA,NA,NA,NA,NA,NA,NA,NA,NA,NA,NA,NA,NA,NA,NA,NA,NA,NA,NA,NA,NA,NA,NA,NA,NA,NA,NA,NA,NA,NA,NA,NA,NA,NA,NA,NA,NA,NA,NA,NA,NA,NA,NA,NA,NA,NA,NA,NA,NA,NA,NA,NA,NA,NA,NA,NA,NA,NA,NA,NA,NA,NA,NA,NA,NA,NA,NA,NA,NA,NA,NA,NA,NA,NA,NA,NA,NA,NA,NA,NA,NA,NA,NA,NA,NA,NA,NA,NA,NA,NA,NA,NA,NA,NA,NA,NA,NA,NA,NA,NA,NA,NA,NA,NA,NA,NA,NA,NA,NA,NA,NA,NA,NA,NA,NA,NA,NA,NA,NA,NA,NA,NA,NA,NA,NA,NA,NA,NA,NA,NA,NA,NA,NA,NA,NA,NA,NA,NA,NA,NA,NA,NA,NA,NA,NA,NA,NA,NA,NA,NA,NA,NA,NA
"11","1","    Total","NSAT1",612.2,558.5,735.8,773.6,814.9,854.6,696.4,594.5,615.1,735.1,683.7,672.6,702.2,699.9,850.9,814.7,900.3,872.2,828.6,727.9,663,980.3,864.2,750.4,729.8,725.5,809.1,854.9,901.1,897.8,760.7,654.8,807.7,922.8,797.1,720.4,624.5,685.5,745.8,798.6,810.9,924.3,761.4,639,580.7,754.9,539.4,537.6,692.9,747,897.4,881.4,886.8,954.4,816.1,723.3,884.4,1047.7,956.6,739.8,716.2,808.6,906.8,894.4,1024.1,1017.3,897.9,807.3,871.1,1063.3,1023.4,842.9,867.8,912.2,1133,1015.3,1134.4,1075.3,952.4,828.7,868.1,969.6,905.6,687.7,672.9,676.7,769.9,806.8,872,799.9,800.8,802.8,720.2,751,598.6,502.1,572.5,678.6,662,651.1,730.1,759.6,782.8,674.9,717.7,879.8,735.5,693.2,671,747.7,935.1,902.7,910,944.2,854.6,753.1,784.6,860.4,832.3,798.3,716.2,799,1069,1016.3,1041.5,1104.2,901.8,919.5,817.9,1003.2,870.7,786.7,679.6,768.4,1063.9,1028.8,1143.5,1119.2,913.7,944.6,819.7,1023.7,898.6,760.3,774.1,831.6,1103.8,976.3,1042.4,894.5,876.2,908.2,766.8,891.5,767.7,725.7,805.8,811.6,895.2,743.3,696.7,701.9,772.6,685.5,674.1,847.5,698.2,649.4,647.5,764,962.7,751.3,733.6,723.8,706.8,801.1,687.2,648.8,584.6,522.9,534.7,632.5,777,668.9,774.3,651,629.5,608.9,671.2,656,743.4,632,595.8,627.8,821.4,761.9,836.6,903.8,791.6,740.7,704.8,860.8,781.7,751.7,778.5,841.4,963.9,895.6,1047,952.4,889.8,814.9,743.5,901.5,802.4,759.3
"12","2","      Domestic","NSAD1",564.1,509.1,670.4,710.2,744.8,780.2,627.2,517.2,547.3,664.8,617.8,614.7,630.2,623.7,766.8,728.8,811,781,736.6,634.5,563.3,884.8,785.4,678.7,645.4,662.1,722.3,753.8,794.7,798.1,662.3,555,709.4,816.7,705.9,638.6,539.2,598.1,646,691.3,698.6,800.2,640.9,526.1,488.5,629.5,435.5,425.5,584.6,635,753.9,734.8,745.7,795.3,666.2,564.8,755.9,932,846.2,647.4,605,692.7,765.7,768.3,880.2,869.3,762.4,650.3,735.1,925.5,884.4,713.7,729,767.4,954.7,854.4,962.5,900.7,800.9,679.2,748.8,850.5,772.2,568.3,545.4,561.5,645.3,693.5,756.6,686.8,681.1,660,586.1,621.8,500.2,423.5,457.6,530.9,517,508.9,592,608.4,626.7,525.3,581.8,764.6,646.5,591.2,580.1,640.9,804.1,776.8,781.9,816.9,725.9,606.8,637,722.7,713.2,685.7,592.8,654.7,880.4,809.8,821.3,906.6,720,715.2,646.5,859.1,727.4,637.4,538.1,619.6,869.2,848.8,947.1,931.3,745.9,740.1,653.7,874.1,759.2,636.8,635.6,666.3,852.6,752.8,786.9,690.8,679.6,697.5,592.8,721.3,599.6,554.3,588,591.5,670.4,541,498.7,511.1,542.4,486.8,486.1,664.2,529.6,471.6,470,543.8,719.2,533.8,524.3,517.9,497.4,602.2,518.9,491.6,432.1,357.6,368.2,457.2,576,498.9,584.5,451.9,430,409.4,488.5,487.5,558.1,448,414.1,442.5,600.3,577.7,630,668.1,576.9,531,538.3,664.2,590.5,559.4,583.4,655,756.2,721.1,803.3,727.4,684.1,603.5,566.7,689.6,600.7,560.7
"13","3","      Foreign","NSAF1",48.1,49.4,65.4,63.4,70.1,74.4,69.2,77.3,67.8,70.3,65.9,57.9,72,76.2,84.1,85.9,89.3,91.2,92,93.4,99.7,95.5,78.8,71.7,84.4,63.4,86.8,101.1,106.4,99.7,98.4,99.8,98.3,106.1,91.2,81.8,85.3,87.4,99.8,107.3,112.3,124.1,120.5,112.9,92.2,125.4,103.9,112.1,108.3,112,143.5,146.6,141.1,159.1,149.9,158.5,128.5,115.7,110.4,92.4,111.2,115.9,141.1,126.1,143.9,148,135.5,157,136,137.8,139,129.2,138.8,144.8,178.3,160.9,171.9,174.6,151.5,149.5,119.3,119.1,133.4,119.4,127.5,115.2,124.6,113.3,115.4,113.1,119.7,142.8,134.1,129.2,98.4,78.6,114.9,147.7,145,142.2,138.1,151.2,156.1,149.6,135.9,115.2,89,102,90.9,106.8,131,125.9,128.1,127.3,128.7,146.3,147.6,137.7,119.1,112.6,123.4,144.3,188.6,206.5,220.2,197.6,181.8,204.3,171.4,144.1,143.3,149.3,141.5,148.8,194.7,180,196.4,187.9,167.8,204.5,166,149.6,139.4,123.5,138.5,165.3,251.2,223.5,255.5,203.7,196.6,210.7,174,170.2,168.1,171.4,217.8,220.1,224.8,202.3,198,190.8,230.2,198.7,188,183.3,168.6,177.8,177.5,220.2,243.5,217.5,209.3,205.9,209.4,198.9,168.3,157.2,152.5,165.3,166.5,175.3,201,170,189.8,199.1,199.5,199.5,182.7,168.5,185.3,184,181.7,185.3,221.1,184.2,206.6,235.7,214.7,209.7,166.5,196.6,191.2,192.3,195.1,186.4,207.7,174.5,243.7,225,205.7,211.4,176.8,211.9,201.7,198.6
"14",NA,"  Seasonally adjusted at annual rates (Millions):"," ",NA,NA,NA,NA,NA,NA,NA,NA,NA,NA,NA,NA,NA,NA,NA,NA,NA,NA,NA,NA,NA,NA,NA,NA,NA,NA,NA,NA,NA,NA,NA,NA,NA,NA,NA,NA,NA,NA,NA,NA,NA,NA,NA,NA,NA,NA,NA,NA,NA,NA,NA,NA,NA,NA,NA,NA,NA,NA,NA,NA,NA,NA,NA,NA,NA,NA,NA,NA,NA,NA,NA,NA,NA,NA,NA,NA,NA,NA,NA,NA,NA,NA,NA,NA,NA,NA,NA,NA,NA,NA,NA,NA,NA,NA,NA,NA,NA,NA,NA,NA,NA,NA,NA,NA,NA,NA,NA,NA,NA,NA,NA,NA,NA,NA,NA,NA,NA,NA,NA,NA,NA,NA,NA,NA,NA,NA,NA,NA,NA,NA,NA,NA,NA,NA,NA,NA,NA,NA,NA,NA,NA,NA,NA,NA,NA,NA,NA,NA,NA,NA,NA,NA,NA,NA,NA,NA,NA,NA,NA,NA,NA,NA,NA,NA,NA,NA,NA,NA,NA,NA,NA,NA,NA,NA,NA,NA,NA,NA,NA,NA,NA,NA,NA,NA,NA,NA,NA,NA,NA,NA,NA,NA,NA,NA,NA,NA,NA,NA,NA,NA,NA,NA,NA,NA,NA,NA,NA,NA,NA,NA,NA,NA,NA,NA,NA,NA
"15","4","    Total","SAART3",8.466,7.54,7.96,8.91,8.743,8.972,8.751,8.111,8.566,7.857,7.617,8.67,9.482,9.03,9.747,9.119,9.67,9.415,10.02,10.009,9.912,10.041,9.696,9.712,9.968,9.741,9.382,9.634,9.678,9.575,9.132,9.58,10.133,9.876,9.303,8.979,8.523,9.134,8.594,8.931,8.954,9.346,9.05,8.851,8.863,7.469,6.359,6.756,9.755,9.822,10.346,9.96,9.773,10.097,9.563,10.01,11.506,11.153,10.684,10.066,10.363,10.553,10.498,10.589,10.799,10.566,10.7,10.918,10.8,11.233,11.606,11.854,11.953,12.121,12.838,12.343,12.406,11.63,11.352,10.921,11.127,9.75,10.15,9.612,9.599,9.131,9.169,9.053,8.991,8.921,8.9,10.372,8.963,7.938,7.06,7.189,7.957,9.111,7.612,7.287,7.723,8.045,8.981,8.718,9.099,9.088,9.265,9.57,9.741,10.132,10.2,9.999,9.761,9.784,9.982,9.514,10.144,9.569,10.032,11.074,10.716,10.889,11.293,11.262,11.22,11.326,11.04,11.124,10.836,10.934,10.809,11.102,10.07,10.45,10.953,11.786,11.804,11.811,11.067,11.654,10.795,11.402,11.1,11.075,10.963,11.27,11.371,10.889,10.798,9.615,10.613,10.806,10.715,9.59,9.722,10.354,11.326,10.477,9.523,8.106,7.35,7.949,8.947,8.659,8.701,9.089,8.907,8.748,9.043,10.032,10.201,8.09,8.07,8.076,8.194,10.058,8.854,7.281,7.345,7.169,7.795,8.316,7.892,7.326,8.41,7.312,7.379,7.539,8.448,7.709,8.996,8.632,8.264,8.176,8.292,8.723,9.062,9.796,9.67,9.039,9,9.911,9.609,10.603,10.431,10.569,10.236,10.266,10.702,10.533,10.533,10.231,10.028,10.189,10.319,10.645
"16","5","      Domestic","SAARD3",7.837,6.85,7.22,8.164,7.961,8.186,7.939,7.295,7.764,7.052,6.766,7.78,8.526,8.035,8.743,8.153,8.694,8.413,8.996,8.994,8.702,8.96,8.638,8.642,8.85,8.869,8.356,8.5,8.51,8.489,8.065,8.45,8.975,8.642,8.062,7.804,7.394,7.944,7.444,7.742,7.668,8.054,7.72,7.595,7.763,5.981,4.944,5.184,8.255,8.305,8.749,8.296,8.164,8.423,7.883,8.27,9.964,9.684,9.21,8.74,8.838,9.076,8.962,9.109,9.262,9.02,9.142,9.32,9.118,9.521,9.744,9.92,10.136,10.208,10.918,10.463,10.614,9.73,9.622,9.367,9.629,8.278,8.267,7.832,7.93,7.612,7.77,7.794,7.778,7.669,7.576,8.896,7.314,6.356,5.603,6.044,6.386,7.162,5.998,5.716,6.269,6.361,7.279,7.094,7.504,7.62,7.895,8.128,8.453,8.723,8.812,8.626,8.386,8.43,8.549,7.99,8.452,7.71,8.279,9.497,8.945,9.024,9.391,8.95,8.87,9.178,8.861,8.988,8.749,8.982,8.732,8.984,8.044,8.543,8.96,9.751,9.788,9.742,9.091,9.571,8.725,9.38,9.132,9.239,9.026,9.176,8.791,8.374,8.236,7.291,8.328,8.586,8.485,7.321,7.33,7.817,8.345,7.862,7.139,5.923,5.324,5.753,6.445,6.432,6.372,6.631,6.463,6.287,6.563,7.397,7.65,5.738,5.796,5.779,5.856,7.81,6.726,5.131,5.138,4.921,5.348,6.248,5.868,5.471,6.383,5.13,5.184,5.35,6.182,5.328,6.478,6.128,5.78,5.992,6.084,6.538,6.814,7.254,7.202,6.725,6.874,7.162,7.07,8.023,7.879,8.239,7.952,8.018,8.154,8.035,8.198,7.849,7.645,7.604,7.774,8.071
"17","6","      Foreign","SAARF3",0.629,0.69,0.74,0.746,0.782,0.786,0.812,0.816,0.802,0.805,0.851,0.89,0.956,0.995,1.004,0.966,0.976,1.002,1.024,1.015,1.21,1.081,1.058,1.07,1.118,0.872,1.026,1.134,1.168,1.086,1.067,1.13,1.158,1.234,1.241,1.175,1.129,1.19,1.15,1.189,1.286,1.292,1.33,1.256,1.1,1.488,1.415,1.572,1.5,1.517,1.597,1.664,1.609,1.674,1.68,1.74,1.542,1.469,1.474,1.326,1.525,1.477,1.536,1.48,1.537,1.546,1.558,1.598,1.682,1.712,1.862,1.934,1.817,1.913,1.92,1.88,1.792,1.9,1.73,1.554,1.498,1.472,1.883,1.78,1.669,1.519,1.399,1.259,1.213,1.252,1.324,1.476,1.649,1.582,1.457,1.145,1.571,1.949,1.614,1.571,1.454,1.684,1.702,1.624,1.595,1.468,1.37,1.442,1.288,1.409,1.388,1.373,1.375,1.354,1.433,1.524,1.692,1.859,1.753,1.577,1.771,1.865,1.902,2.312,2.35,2.148,2.179,2.136,2.087,1.952,2.077,2.118,2.026,1.907,1.993,2.035,2.016,2.069,1.976,2.083,2.07,2.022,1.968,1.836,1.937,2.094,2.58,2.515,2.562,2.324,2.285,2.22,2.23,2.269,2.392,2.537,2.981,2.615,2.384,2.183,2.026,2.196,2.502,2.227,2.329,2.458,2.444,2.461,2.48,2.635,2.551,2.352,2.274,2.297,2.338,2.248,2.128,2.15,2.207,2.248,2.447,2.068,2.024,1.855,2.027,2.182,2.195,2.189,2.266,2.381,2.518,2.504,2.484,2.184,2.208,2.185,2.248,2.542,2.468,2.314,2.126,2.749,2.539,2.58,2.552,2.33,2.284,2.248,2.548,2.498,2.335,2.382,2.383,2.585,2.545,2.574
"18","7","      Domestic sales, FRB estimate","FRBSAL3",7.59,6.79,7.3,8.12,7.92,8.27,7.88,7.21,8.03,7.14,7.07,7.9,8.14,7.95,8.78,7.99,8.74,8.41,8.8,8.93,8.21,9.14,8.88,9.06,8.64,8.72,8.3,8.36,8.41,8.55,7.98,8.2,9.45,8.43,8.4,8.41,7.24,7.78,7.53,7.78,7.67,8.11,7.74,7.76,6.28,6.41,5.18,5.85,8.38,8.25,8.36,8.37,8.08,8.17,7.91,8.33,9.62,9.96,9.55,9.2,8.71,8.58,8.7,9.14,9.12,9.19,9.31,9.21,9.29,9.96,10.25,10.68,10.15,10.08,10.77,10.27,10.06,9.44,9.66,9.5,9.72,8.77,9.12,8.4,7.75,7.41,7.58,7.95,7.98,7.65,7.75,9,7.68,6.56,5.92,6.24,6.61,7.05,5.98,5.85,6.25,6.76,7.19,7.39,7.37,8.22,8.22,8.15,8.38,8.55,8.65,8.88,8.57,8.62,8.47,8.07,8.51,8.11,8.78,9.51,8.9,8.79,9.38,9.08,9.17,9.73,8.92,9.01,8.83,9.53,8.98,8.72,8.07,8.24,9,10.09,10.25,10.31,9.34,9.34,8.73,9.72,9.48,9.16,8.85,8.76,8.81,8.57,8.63,8.17,8.44,8.66,8.2,7.51,7.49,7.73,8.18,7.41,6.57,6.25,5.58,5.79,6.52,6.42,6.13,7.15,6.74,6.4,6.72,6.85,7.18,5.9,6.1,5.9,5.98,7.5,6.59,5.51,5.21,4.98,5.5,5.76,5.54,5.76,6.23,5.24,5.33,5.18,5.78,5.89,6.85,6.28,5.7,5.6,6.07,6.8,6.65,7.32,7.55,6.42,6.52,7.68,7.6,7.92,8.12,7.84,8.14,7.85,8.17,8.51,8.5,7.35,6.88,8.03,8.12,7.57
"19",NA,"  New unit sales by sector (Thousands, SAAR)"," ",NA,NA,NA,NA,NA,NA,NA,NA,NA,NA,NA,NA,NA,NA,NA,NA,NA,NA,NA,NA,NA,NA,NA,NA,NA,NA,NA,NA,NA,NA,NA,NA,NA,NA,NA,NA,NA,NA,NA,NA,NA,NA,NA,NA,NA,NA,NA,NA,NA,NA,NA,NA,NA,NA,NA,NA,NA,NA,NA,NA,NA,NA,NA,NA,NA,NA,NA,NA,NA,NA,NA,NA,NA,NA,NA,NA,NA,NA,NA,NA,NA,NA,NA,NA,NA,NA,NA,NA,NA,NA,NA,NA,NA,NA,NA,NA,NA,NA,NA,NA,NA,NA,NA,NA,NA,NA,NA,NA,NA,NA,NA,NA,NA,NA,NA,NA,NA,NA,NA,NA,NA,NA,NA,NA,NA,NA,NA,NA,NA,NA,NA,NA,NA,NA,NA,NA,NA,NA,NA,NA,NA,NA,NA,NA,NA,NA,NA,NA,NA,NA,NA,NA,NA,NA,NA,NA,NA,NA,NA,NA,NA,NA,NA,NA,NA,NA,NA,NA,NA,NA,NA,NA,NA,NA,NA,NA,NA,NA,NA,NA,NA,NA,NA,NA,NA,NA,NA,NA,NA,NA,NA,NA,NA,NA,NA,NA,NA,NA,NA,NA,NA,NA,NA,NA,NA,NA,NA,NA,NA,NA,NA,NA,NA,NA,NA,NA
"20","8","    Business","AUTO351",2031.3,1834.4,1954.5,2164.6,2099.3,2092,2038.2,1976,2114.9,1946.4,1816.4,2062,2301,2100.1,2268.4,2146.6,2260.4,2281.8,2524,2435.3,2199,2417.3,2451.5,2387.9,2304.9,2412.2,2372,2410.7,2461.9,2410,2313.5,2350.7,2502.4,2445.3,2333.2,2211.9,2082.6,2236.6,2168.3,2281.6,2254.7,2365.8,2283.7,2179.9,2038.3,1642.9,1492,1649.9,2389.2,2502.2,2575.8,2414,2370.1,2400.4,2280.2,2396.5,3100.3,2773.3,2508.4,2405.1,2429.4,2416.3,2401.6,2429.1,2484.6,2383.6,2404.8,2510,2502.2,2776.5,2780.6,2761.2,2775.3,2871.7,3035.3,2900.7,2928.5,3199,2887.8,3119.2,2591.5,2362.2,2555.3,2501.6,2643.5,2589.4,2658.2,2636,2545.1,2574.1,2543,3050.2,2657.8,2333.9,2236.2,2307.1,2373,2308.2,2181.3,2207.3,2393.3,2366.4,2644.2,2554,2888,2793.6,2656.8,2730.4,2701.4,2843.9,2836.3,2778.9,2820.3,2766,2829.7,2696.6,2935.3,2702.9,2788.8,3161.7,3103.7,3172.5,3306.1,3313.6,3277.6,3302.9,3146.4,3279.2,3117.6,3307.5,3332.5,3374.8,3137,3197.9,3469.4,3622.9,3553.4,3565.1,3450.3,3617,3365,3624.4,3554.5,3528.7,3484,3549.9,3481.5,3618.2,3281.6,2979.6,3357.7,3516.7,3228,2758.5,2753,2941.3,3254.9,3038.2,2942.7,2577.6,2332.1,2502.1,2724.1,2670.7,2654.7,2688.5,2931.3,2777.7,2852.7,3115.6,3047.2,2526.9,2731.5,2687.2,2707.1,3278,3003,2536.5,2487.2,2399.2,2581.9,2709.2,2449.7,2437.5,2708,2365.6,2514.9,2478.3,2846.8,2458.8,2836.9,2611.4,2629.9,2859.5,2608.5,2798.2,2796.9,2996.4,3061.2,2947.1,3214.2,3392.4,3334.6,3602.6,3550.1,3767.3,3472.5,3752.4,3735.5,3700.9,3761.3,3664.5,3890.9,3640,3537.2,3474.9
"21","9","    Government","ZZZZZZ1",NA,NA,NA,NA,NA,NA,NA,NA,NA,NA,NA,NA,NA,NA,NA,NA,NA,NA,NA,NA,NA,NA,NA,NA,NA,NA,NA,NA,NA,NA,NA,NA,NA,NA,NA,NA,NA,NA,NA,NA,NA,NA,NA,NA,NA,NA,NA,NA,NA,NA,NA,NA,NA,NA,NA,NA,NA,NA,NA,NA,NA,NA,NA,NA,NA,NA,NA,NA,NA,NA,NA,NA,NA,NA,NA,NA,NA,NA,NA,NA,NA,NA,NA,NA,NA,NA,NA,NA,NA,NA,NA,NA,NA,NA,NA,NA,NA,NA,NA,NA,NA,NA,NA,NA,NA,NA,NA,NA,NA,NA,NA,NA,NA,NA,NA,NA,NA,NA,NA,NA,NA,NA,NA,NA,NA,NA,NA,NA,NA,NA,NA,NA,NA,NA,NA,NA,NA,NA,NA,NA,NA,NA,NA,NA,NA,NA,NA,NA,NA,NA,NA,NA,NA,NA,NA,NA,NA,NA,NA,NA,NA,NA,NA,NA,NA,NA,NA,NA,NA,NA,NA,NA,NA,NA,NA,NA,NA,NA,NA,NA,NA,NA,NA,NA,NA,NA,NA,NA,NA,NA,NA,NA,NA,NA,NA,NA,NA,NA,NA,NA,NA,NA,NA,NA,NA,NA,NA,NA,NA,NA,NA,NA,NA,NA,NA,NA
"22","10","    Consumer","AUTO401",6362.1,5632.8,5932.2,6671.7,6569.4,6804.8,6637.1,6058.1,6374.8,5833.2,5722.3,6528.8,7097.6,6855.6,7399.9,6898.9,7332.9,7055.8,7411.2,7492.1,7639.8,7542.8,7163,7243.9,7585.1,7247.7,6930.5,7141.8,7131.3,7080.4,6736.6,7143.4,7537.6,7337.1,6878.1,6678.6,6354.2,6801.6,6330.2,6546.5,6595.3,6867.4,6658,6567.1,6726.6,5748.9,4797.7,5030.8,7255.2,7207.6,7657,7442.7,7302.4,7598.8,7188.4,7514.8,8276.2,8262.7,8068.7,7556.8,7826.3,8026.7,7984.8,8044.6,8194.4,8065,8176.9,8284.7,8175.8,8321.9,8692.1,8963,9050.4,9123.5,9673.9,9322.3,9358.8,8302.7,8349,7677.6,8432,7292,7490.7,7006.3,6842.2,6426.4,6388.3,6291.2,6321.9,6217.6,6228,7165.1,6168.8,5484.6,4708.5,4762.3,5462.2,6685.9,5319.9,4967.7,5208.4,5560.7,6206.4,6039.3,6072,6161.7,6482.7,6712.1,6911.4,7153.4,7229.1,7087.8,6805.9,6884.8,7015.2,6686.2,7065,6733.5,7104.6,7752.7,7453.8,7564.3,7836.2,7804.5,7805.8,7889.7,7770,7718.9,7597.1,7498.5,7346.3,7595.3,6807.8,7121.1,7337.5,8012,8098.4,8092.6,7463.5,7869.9,7280.1,7617.8,7387.9,7391.1,7316.4,7561.7,7733,7126.4,7373.8,6505.7,7105,7127.8,7344.5,6719.5,6854.4,7290.7,7934.5,7310.3,6447.9,5408.5,4910.6,5332.2,6098.1,5863,5922.7,6284.7,5838.9,5844.6,6049.8,6747.6,6998.7,5412.2,5232.2,5279.6,5393.6,6683.7,5748.5,4668.3,4781.9,4673.8,5103,5518.7,5364.8,4809.1,5603.7,4852.4,4764.3,4928.6,5522.8,5150.5,6018.4,5906.7,5525,5217.4,5566,5831.9,6147.8,6698.3,6499.7,5978.4,5646.6,6395.5,6166.3,6889.5,6777.7,6706.6,6559.5,6349,6848.5,6683.8,6617.8,6428.1,6004.3,6419.9,6640.4,7050.2
"23","11","  Final sales to consumers, percent of total dollar value","ALLO032",75.33,74.91,74.73,74.92,74.92,75.42,75.23,74.6,72.67,73.58,74.24,74.72,74.25,75.23,75.26,74.97,75.16,74.22,73.3,74.19,76.26,74.43,73.2,73.89,75.38,73.88,73.22,73.46,73.02,73.35,73.2,73.95,73.82,73.66,73.25,73.75,73.95,73.88,73.07,72.72,72.99,72.83,72.87,73.52,75.39,76,74.39,73.21,73.54,72.56,73.21,73.86,73.87,74.42,74.48,74.25,71.38,73.51,74.92,74.53,74.86,75.36,75.31,75.24,75.13,75.54,75.65,75.11,74.94,73.31,74.08,74.82,74.97,74.59,74.81,75,75.03,71.05,73.28,70.19,75.61,74.64,73.84,73.08,71.64,70.87,70.21,70.02,70.81,70.16,70.3,69.45,69.04,69.13,66.55,66.32,68.64,73.25,69.86,68.12,67.53,69.18,69.29,69.49,66.91,68.25,70.37,70.46,71.3,70.85,71.07,71.03,69.89,70.49,70.38,70.36,69.67,70.14,70.64,70.06,69.36,69.27,69.17,68.94,69,69.26,69.88,68.91,70.01,68.86,68.42,68.86,67.6,68.74,67.69,68.24,68.87,68.78,67.64,67.75,68.02,67.84,67.82,67.95,67.58,67.57,68.25,65.74,68.57,68.14,67.26,66.59,68.95,69.87,70.01,69.97,70.22,70.32,68.19,66.96,67.13,67.59,68.5,68.31,68.73,69.64,66.01,66.95,67.17,68.22,69.58,67.66,65.71,66.25,66.7,67.3,65.71,65.11,66.21,66.23,67.2,67.78,69.2,66.84,67.69,67.38,65.69,66.48,66.35,67.96,68.07,69.75,68.35,66.32,68.44,69.57,69.26,68.96,69.07,68.32,65.62,67.03,65.43,68.15,67.09,65.14,66.02,64.22,66.47,66.31,65.04,65.37,61.19,66.51,67.1,66.88
"24",NA,"  Addenda:"," ",NA,NA,NA,NA,NA,NA,NA,NA,NA,NA,NA,NA,NA,NA,NA,NA,NA,NA,NA,NA,NA,NA,NA,NA,NA,NA,NA,NA,NA,NA,NA,NA,NA,NA,NA,NA,NA,NA,NA,NA,NA,NA,NA,NA,NA,NA,NA,NA,NA,NA,NA,NA,NA,NA,NA,NA,NA,NA,NA,NA,NA,NA,NA,NA,NA,NA,NA,NA,NA,NA,NA,NA,NA,NA,NA,NA,NA,NA,NA,NA,NA,NA,NA,NA,NA,NA,NA,NA,NA,NA,NA,NA,NA,NA,NA,NA,NA,NA,NA,NA,NA,NA,NA,NA,NA,NA,NA,NA,NA,NA,NA,NA,NA,NA,NA,NA,NA,NA,NA,NA,NA,NA,NA,NA,NA,NA,NA,NA,NA,NA,NA,NA,NA,NA,NA,NA,NA,NA,NA,NA,NA,NA,NA,NA,NA,NA,NA,NA,NA,NA,NA,NA,NA,NA,NA,NA,NA,NA,NA,NA,NA,NA,NA,NA,NA,NA,NA,NA,NA,NA,NA,NA,NA,NA,NA,NA,NA,NA,NA,NA,NA,NA,NA,NA,NA,NA,NA,NA,NA,NA,NA,NA,NA,NA,NA,NA,NA,NA,NA,NA,NA,NA,NA,NA,NA,NA,NA,NA,NA,NA,NA,NA,NA,NA,NA,NA
"25","12","    Unit truck sales, not seasonally adjusted","T11",121.7,115,144.5,129,145.7,154.8,127.5,121.4,122.7,122.2,105.3,113.7,132.6,136.1,162.9,146.7,173.7,164.1,153.5,137.6,127.1,181.4,151.3,140.5,153.7,162.4,163.8,169.7,175.3,183.6,154.1,143.5,142.9,184,149.1,153.5,136.7,150.7,147,160.3,156.9,189.3,161.3,139.7,144.6,151.9,108.4,99,122.4,141.4,164.4,175.6,175.2,196.4,174.6,143.4,163.2,203.1,197.4,174.8,173.4,220.7,224.3,220.4,255.2,252.7,211.8,178,168.7,222.3,237.4,195,233.5,240.2,306,258.3,288.9,263.8,260.1,231.1,210.2,263,233.8,216.2,181.9,201.1,237.6,251.8,271,261.5,244.2,249.6,193.8,189.5,160,162,145.7,151,173.4,194.1,212,210.9,227.6,188.7,195.1,237.5,210.6,204.3,214.2,247,308.5,288.5,293.2,310.5,307.7,273,273.3,269,252.1,263.5,253.7,293.1,382.1,338.1,335.6,355.6,300.2,315,286.7,338.1,310.9,303.9,251.7,303,416.7,377.7,414.1,430.2,375.5,372.5,283.8,373.3,350.1,308.2,303.4,317.1,380,328.3,330.6,289.3,288.2,299,262.8,306.1,250.9,234,236.2,227.1,246.7,203.3,197.1,230.8,234,198.7,173.3,195.9,172.3,172,166.8,185.2,216.1,211.6,199.5,218.9,190.1,207.9,177.6,173.2,158.4,150.3,179.7,208,280.3,208.3,245.9,217.4,197.9,185.1,219.9,184.9,228.1,207.3,193.5,193.8,280.6,250.4,273.3,301.6,260.1,252.4,275.6,265.2,268.5,302.3,278.4,317.5,387.6,350.2,404.7,363.5,347.4,314.7,309.9,365,338.7,315.5
"26","13","      14,000 lbs. GVW and under, domestic","T21",94.8,89.7,111.5,100,113.6,121.1,100.4,94.2,98.1,94.8,83.6,92,107.9,108.2,130.5,118,140.5,132,123.6,109.7,102.1,151,126,114.7,124.4,130.5,131.3,135.9,140.5,146,122.1,111.6,112.4,148.4,123.6,124.4,111.5,119.8,116.9,128.8,126.9,154.2,132.3,112.3,116.8,122.1,88.3,78.6,100.5,116.9,137.1,146,146.9,163.7,144.2,117.5,133.6,170.7,170,145.9,144.6,187.7,188.4,183,215.3,211.6,172.7,140.6,135.1,184.2,201.7,157.6,198,203.4,255.9,211.7,240.7,217.4,218.1,191.3,173.5,222.6,198,178.8,152.2,168.2,198.3,209.2,231.7,221.6,211.5,213.6,156.3,154.1,133,130.4,122.4,127.9,146.6,168.5,187,185.6,198.6,162.1,170,208.2,191,184.7,180.4,210.2,262.1,242.1,247.1,260.3,254.1,215,217.8,220.6,209.9,218.7,207.4,238.1,316.2,274.5,268.1,292.4,242.3,251,228.2,279.7,262.1,252.8,205.9,250.8,340,314.7,345,359.3,310.2,307.9,218.5,298.9,288.3,241.6,246.1,247.9,287.3,243.2,243.5,216.1,210.7,229.2,203.8,238,189.3,175.1,165,154,172.5,141.7,139.8,171.1,160.9,126,106.8,137.3,128.7,127.3,116.1,127.8,145.9,146.9,144.7,160.3,132.4,145.6,119.7,124.8,116.5,101,134.8,161.1,220.9,162.7,198.4,170.7,147.4,133.6,169.4,132.9,178.8,156.8,148.2,155,222.2,204.5,220.3,244.4,200.7,180.4,210,217.9,220.5,241.1,223.5,252.6,310.2,284.5,320.6,286,271.1,226.4,241.7,289.4,265.7,235.5
"27","14","      14,000 lbs. GVW and under, imports","T31",NA,NA,NA,NA,NA,NA,NA,NA,NA,NA,NA,NA,NA,NA,NA,NA,NA,NA,NA,NA,NA,NA,NA,NA,NA,NA,NA,NA,NA,NA,NA,NA,NA,NA,NA,NA,NA,NA,NA,NA,NA,NA,NA,NA,NA,NA,NA,NA,NA,NA,NA,NA,NA,NA,NA,NA,NA,NA,NA,NA,NA,NA,NA,NA,NA,NA,NA,NA,NA,NA,NA,NA,NA,NA,NA,NA,NA,NA,NA,NA,NA,NA,NA,NA,NA,NA,NA,NA,NA,NA,NA,NA,NA,NA,NA,NA,NA,NA,NA,NA,NA,NA,NA,NA,NA,NA,NA,NA,13.2,15.4,18.9,18.4,19,20.4,21.4,26.8,22.5,22.7,19.8,19,21.4,28.3,28.8,29.5,35.1,27.9,27.2,30.7,27.7,23.6,21.3,21.6,20.7,24,32.6,24.9,28.1,27,24.8,31.4,29.2,33.9,29.7,29.6,26.1,35.8,50.8,46.9,51.2,39.2,40.7,38.8,32,33.8,37.5,36.6,47,49.9,48.4,39.5,37.3,36.5,45.9,47.6,42.6,34.5,28.1,27.3,31.8,40.5,48.3,39.3,36.4,40.1,36.2,43.4,39.7,30.1,29.2,32.6,28.9,32.7,41.5,26.7,30.5,29.6,34,37.4,35.8,38.6,38.8,35.9,31.8,27,41,30.7,39.1,41.3,42.6,55.3,48.9,30,33.4,42.2,39,46.3,55.6,42,58.9,52.3,49.3,65.3,43.7,49.3,50.6,55.4
"28","15","      Over 14,001 lbs. GVW","T41",26.9,25.3,33,29,32.1,33.7,27.1,27.2,24.6,27.4,21.7,21.7,24.7,27.9,32.4,28.7,33.2,32.1,29.9,27.9,25,30.4,25.3,25.8,29.3,31.9,32.5,33.8,34.8,37.6,32,31.9,30.5,35.6,25.5,29.1,25.2,30.9,30.1,31.5,30,35.1,29,27.4,27.8,29.8,20.1,20.4,21.9,24.5,27.3,29.6,28.3,32.7,30.4,25.9,29.6,32.4,27.4,28.9,28.8,33,35.9,37.4,39.9,41.1,39.1,37.4,33.6,38.1,35.7,37.4,35.5,36.8,50.1,46.6,48.2,46.4,42,39.8,36.7,40.4,35.8,37.4,29.7,32.9,39.3,42.6,39.3,39.9,32.7,36,37.5,35.4,27,31.6,23.3,23.1,26.8,25.6,25,25.3,29,26.6,25.1,29.3,19.6,19.6,20.6,21.4,27.5,28,27.1,29.8,32.2,31.2,33,25.7,22.4,25.8,24.9,26.7,37.1,34.1,32.4,35.3,30.7,33.3,30.8,34.8,27.5,29.5,25.1,28.2,44.1,38.1,41,43.9,40.5,33.2,36.1,40.5,32.1,37,31.2,33.4,41.9,38.2,35.9,34,36.8,31,27,34.3,24.1,22.3,24.2,23.2,25.8,22.1,20,23.2,27.2,25.1,23.9,24.1,15.5,17.4,18.9,16.9,21.9,25.4,18.4,18.5,21.5,18.9,18.2,18.3,12.7,16.7,16,14.2,17.9,18.9,17,17.1,16.5,14.1,14.7,13.4,10.5,14.6,13.5,11.8,17.4,15.2,13.9,15.9,16.8,16.7,16.7,17.3,14.6,19,15.9,18.6,21.8,23.7,25.2,25.2,27,23,24.5,26.3,22.4,24.6
"29","16","    Unit truck sales, seasonally adjusted at annual rates","TEMD3",1.594,1.442,1.596,1.547,1.528,1.575,1.567,1.531,1.734,1.37,1.3,1.581,1.653,1.625,1.936,1.709,1.826,1.707,1.802,1.8,1.787,1.922,1.96,1.937,1.944,2.018,1.904,1.925,1.894,1.876,1.795,1.96,1.995,1.959,1.935,2.028,1.81,1.857,1.737,1.75,1.755,1.922,1.859,1.876,1.987,1.681,1.374,1.315,1.714,1.743,1.841,1.994,1.891,1.961,2.041,1.961,2.177,2.356,2.454,2.329,2.39,2.709,2.492,2.544,2.63,2.596,2.446,2.293,2.364,2.564,2.834,2.778,3.14,3.061,3.47,2.923,2.968,2.779,2.986,2.953,2.95,2.906,2.966,2.991,2.478,2.605,2.745,2.815,2.781,2.826,2.626,3.242,2.636,2.109,2.09,2.251,2.015,1.986,1.908,2.128,2.266,2.252,2.45,2.489,2.619,2.661,2.796,2.671,3.073,3.208,3.178,3.224,3.201,3.267,3.484,3.439,3.466,3.254,3.3,3.453,3.68,3.82,3.877,3.873,3.764,3.626,3.601,3.735,3.814,3.966,3.99,4.073,3.634,3.913,4.213,4.412,4.494,4.537,4.461,4.391,3.846,4.443,4.384,4.263,4.098,4.051,3.904,3.853,3.576,3.129,3.499,3.538,3.577,3.522,3.303,3.142,3.113,2.799,2.554,2.338,2.19,2.5,2.717,2.495,2.211,2.323,2.35,2.191,2.239,2.319,2.226,2.4,2.284,2.339,2.234,2.623,2.226,2.137,2.149,1.886,2.49,2.608,2.759,2.421,2.693,2.301,2.38,2.408,2.681,2.431,3.034,2.617,2.601,2.432,2.731,2.95,2.966,3.164,3.247,3.207,3.451,3.4,3.516,3.9,3.779,3.812,3.974,4.091,4.154,4.14,4.225,4.048,3.931,4.453,4.455,3.957
"30","17","      14,000 lbs. GVW and under, domestic","TEMF3",1.235,1.138,1.237,1.204,1.184,1.24,1.237,1.206,1.417,1.053,0.988,1.273,1.332,1.304,1.566,1.38,1.473,1.375,1.45,1.465,1.46,1.584,1.592,1.571,1.567,1.632,1.528,1.543,1.518,1.488,1.424,1.566,1.605,1.567,1.556,1.63,1.478,1.478,1.386,1.403,1.419,1.563,1.529,1.536,1.636,1.347,1.082,1.043,1.41,1.436,1.532,1.672,1.571,1.625,1.695,1.641,1.81,1.982,2.07,1.956,1.979,2.297,2.094,2.122,2.19,2.171,1.993,1.85,1.944,2.124,2.346,2.284,2.638,2.572,2.91,2.401,2.435,2.284,2.512,2.495,2.48,2.454,2.475,2.499,2.054,2.157,2.298,2.345,2.349,2.382,2.273,2.831,2.161,1.719,1.711,1.836,1.681,1.665,1.608,1.846,1.985,1.972,2.141,2.182,2.309,2.345,2.508,2.419,2.589,2.73,2.704,2.713,2.676,2.704,2.887,2.791,2.786,2.672,2.696,2.847,2.99,3.108,3.229,3.146,3.022,2.911,2.926,3.028,3.105,3.264,3.284,3.383,2.983,3.237,3.448,3.674,3.726,3.74,3.706,3.698,3.034,3.558,3.49,3.33,3.306,3.17,2.996,2.836,2.635,2.26,2.622,2.772,2.839,2.7,2.432,2.313,2.187,1.929,1.789,1.617,1.547,1.767,1.919,1.679,1.433,1.593,1.704,1.603,1.575,1.618,1.521,1.621,1.629,1.656,1.583,1.933,1.557,1.532,1.525,1.275,1.879,2.03,2.147,1.877,2.117,1.754,1.815,1.875,2.102,1.729,2.346,1.978,1.976,1.946,2.14,2.371,2.359,2.486,2.548,2.467,2.719,2.765,2.832,3.154,3.049,2.99,3.151,3.263,3.236,3.209,3.367,3.138,3.121,3.482,3.44,2.936
"31","18","      14,000 lbs. GVW and under, imports","TEMG3",NA,NA,NA,NA,NA,NA,NA,NA,NA,NA,NA,NA,NA,NA,NA,NA,NA,NA,NA,NA,NA,NA,NA,NA,NA,NA,NA,NA,NA,NA,NA,NA,NA,NA,NA,NA,NA,NA,NA,NA,NA,NA,NA,NA,NA,NA,NA,NA,NA,NA,NA,NA,NA,NA,NA,NA,NA,NA,NA,NA,NA,NA,NA,NA,NA,NA,NA,NA,NA,NA,NA,NA,NA,NA,NA,NA,NA,NA,NA,NA,NA,NA,NA,NA,NA,NA,NA,NA,NA,NA,NA,NA,NA,NA,NA,NA,NA,NA,NA,NA,NA,NA,NA,NA,NA,NA,NA,NA,0.182,0.182,0.181,0.203,0.208,0.239,0.253,0.289,0.279,0.296,0.278,0.276,0.313,0.338,0.26,0.345,0.363,0.334,0.34,0.336,0.333,0.313,0.303,0.304,0.281,0.282,0.313,0.297,0.3,0.317,0.313,0.324,0.366,0.431,0.425,0.434,0.357,0.416,0.472,0.579,0.533,0.488,0.477,0.421,0.399,0.443,0.513,0.531,0.602,0.561,0.485,0.475,0.413,0.465,0.515,0.522,0.488,0.464,0.403,0.367,0.418,0.466,0.463,0.501,0.437,0.473,0.429,0.466,0.452,0.396,0.424,0.405,0.401,0.379,0.418,0.338,0.373,0.354,0.391,0.365,0.408,0.543,0.524,0.463,0.448,0.319,0.4,0.413,0.444,0.503,0.515,0.542,0.539,0.427,0.458,0.521,0.518,0.571,0.58,0.565,0.631,0.652,0.555,0.637,0.513,0.671,0.685,0.725
"32","19","      Over 14,001 lbs. GVW","TEMH3",0.359,0.304,0.359,0.343,0.344,0.335,0.33,0.325,0.317,0.317,0.312,0.308,0.321,0.321,0.37,0.329,0.353,0.332,0.352,0.335,0.327,0.338,0.368,0.366,0.377,0.386,0.376,0.382,0.376,0.388,0.371,0.394,0.39,0.392,0.379,0.398,0.332,0.379,0.351,0.347,0.336,0.359,0.33,0.34,0.351,0.334,0.292,0.272,0.304,0.307,0.309,0.322,0.32,0.336,0.346,0.32,0.367,0.374,0.384,0.373,0.411,0.412,0.398,0.422,0.44,0.425,0.453,0.443,0.42,0.44,0.488,0.494,0.502,0.489,0.56,0.522,0.533,0.495,0.474,0.458,0.47,0.452,0.491,0.492,0.424,0.448,0.447,0.47,0.432,0.444,0.353,0.411,0.475,0.39,0.379,0.415,0.334,0.321,0.3,0.282,0.281,0.28,0.309,0.307,0.31,0.316,0.288,0.252,0.302,0.296,0.293,0.308,0.317,0.324,0.344,0.359,0.401,0.286,0.326,0.33,0.377,0.374,0.388,0.382,0.379,0.381,0.335,0.371,0.376,0.389,0.403,0.386,0.37,0.394,0.452,0.441,0.468,0.48,0.442,0.369,0.446,0.454,0.469,0.499,0.435,0.465,0.436,0.438,0.408,0.381,0.4,0.345,0.339,0.379,0.358,0.298,0.324,0.309,0.28,0.246,0.23,0.268,0.283,0.294,0.29,0.266,0.243,0.221,0.246,0.235,0.242,0.278,0.218,0.21,0.222,0.224,0.217,0.209,0.2,0.206,0.21,0.199,0.194,0.206,0.203,0.193,0.174,0.168,0.171,0.159,0.164,0.176,0.177,0.167,0.191,0.166,0.163,0.175,0.184,0.198,0.193,0.208,0.226,0.225,0.212,0.251,0.243,0.263,0.287,0.279,0.303,0.273,0.297,0.3,0.33,0.296
"33","20","    Unit sales of light trucks to consumers (Thousands, SAAR)","LTCSAL1",NA,NA,NA,NA,NA,NA,NA,NA,NA,NA,NA,NA,NA,NA,NA,NA,NA,NA,NA,NA,NA,NA,NA,NA,NA,NA,NA,NA,NA,NA,NA,NA,NA,NA,NA,NA,NA,NA,NA,NA,NA,NA,NA,NA,NA,NA,NA,NA,NA,NA,NA,NA,NA,NA,NA,NA,NA,NA,NA,NA,NA,NA,NA,NA,NA,NA,NA,NA,NA,NA,NA,NA,NA,NA,NA,NA,NA,NA,NA,NA,NA,NA,NA,NA,NA,NA,NA,NA,NA,NA,NA,NA,NA,NA,NA,NA,NA,NA,NA,NA,NA,NA,NA,NA,NA,NA,NA,NA,NA,NA,NA,NA,NA,NA,NA,NA,NA,NA,NA,NA,NA,NA,NA,NA,NA,NA,NA,NA,NA,NA,NA,NA,NA,NA,NA,NA,NA,NA,NA,NA,NA,NA,NA,NA,NA,NA,NA,NA,NA,NA,NA,NA,NA,NA,NA,NA,NA,NA,NA,NA,NA,NA,NA,NA,NA,NA,NA,NA,NA,NA,NA,NA,NA,NA,NA,NA,NA,NA,NA,NA,NA,NA,NA,NA,NA,NA,NA,NA,NA,NA,NA,NA,NA,NA,NA,NA,NA,NA,NA,NA,NA,NA,NA,NA,NA,NA,NA,NA,NA,NA,NA,NA,NA,NA,NA,NA
"34","21","    Overall average expenditure per light truck","LTAVGV0",NA,NA,NA,NA,NA,NA,NA,NA,NA,NA,NA,NA,NA,NA,NA,NA,NA,NA,NA,NA,NA,NA,NA,NA,NA,NA,NA,NA,NA,NA,NA,NA,NA,NA,NA,NA,NA,NA,NA,NA,NA,NA,NA,NA,NA,NA,NA,NA,NA,NA,NA,NA,NA,NA,NA,NA,NA,NA,NA,NA,NA,NA,NA,NA,NA,NA,NA,NA,NA,NA,NA,NA,NA,NA,NA,NA,NA,NA,NA,NA,NA,NA,NA,NA,NA,NA,NA,NA,NA,NA,NA,NA,NA,NA,NA,NA,NA,NA,NA,NA,NA,NA,NA,NA,NA,NA,NA,NA,NA,NA,NA,NA,NA,NA,NA,NA,NA,NA,NA,NA,NA,NA,NA,NA,NA,NA,NA,NA,NA,NA,NA,NA,NA,NA,NA,NA,NA,NA,NA,NA,NA,NA,NA,NA,NA,NA,NA,NA,NA,NA,NA,NA,NA,NA,NA,NA,NA,NA,NA,NA,NA,NA,NA,NA,NA,NA,NA,NA,NA,NA,NA,NA,NA,NA,NA,NA,NA,NA,NA,NA,NA,NA,NA,NA,NA,NA,NA,NA,NA,NA,NA,NA,NA,NA,NA,NA,NA,NA,NA,NA,NA,NA,NA,NA,NA,NA,NA,NA,NA,NA,NA,NA,NA,NA,NA,NA
"35","22","    Average consumer expenditure per light truck","LTCONV0",NA,NA,NA,NA,NA,NA,NA,NA,NA,NA,NA,NA,NA,NA,NA,NA,NA,NA,NA,NA,NA,NA,NA,NA,NA,NA,NA,NA,NA,NA,NA,NA,NA,NA,NA,NA,NA,NA,NA,NA,NA,NA,NA,NA,NA,NA,NA,NA,NA,NA,NA,NA,NA,NA,NA,NA,NA,NA,NA,NA,NA,NA,NA,NA,NA,NA,NA,NA,NA,NA,NA,NA,NA,NA,NA,NA,NA,NA,NA,NA,NA,NA,NA,NA,NA,NA,NA,NA,NA,NA,NA,NA,NA,NA,NA,NA,NA,NA,NA,NA,NA,NA,NA,NA,NA,NA,NA,NA,NA,NA,NA,NA,NA,NA,NA,NA,NA,NA,NA,NA,NA,NA,NA,NA,NA,NA,NA,NA,NA,NA,NA,NA,NA,NA,NA,NA,NA,NA,NA,NA,NA,NA,NA,NA,NA,NA,NA,NA,NA,NA,NA,NA,NA,NA,NA,NA,NA,NA,NA,NA,NA,NA,NA,NA,NA,NA,NA,NA,NA,NA,NA,NA,NA,NA,NA,NA,NA,NA,NA,NA,NA,NA,NA,NA,NA,NA,NA,NA,NA,NA,NA,NA,NA,NA,NA,NA,NA,NA,NA,NA,NA,NA,NA,NA,NA,NA,NA,NA,NA,NA,NA,NA,NA,NA,NA,NA
"36",NA,"Unit auto production:"," ",NA,NA,NA,NA,NA,NA,NA,NA,NA,NA,NA,NA,NA,NA,NA,NA,NA,NA,NA,NA,NA,NA,NA,NA,NA,NA,NA,NA,NA,NA,NA,NA,NA,NA,NA,NA,NA,NA,NA,NA,NA,NA,NA,NA,NA,NA,NA,NA,NA,NA,NA,NA,NA,NA,NA,NA,NA,NA,NA,NA,NA,NA,NA,NA,NA,NA,NA,NA,NA,NA,NA,NA,NA,NA,NA,NA,NA,NA,NA,NA,NA,NA,NA,NA,NA,NA,NA,NA,NA,NA,NA,NA,NA,NA,NA,NA,NA,NA,NA,NA,NA,NA,NA,NA,NA,NA,NA,NA,NA,NA,NA,NA,NA,NA,NA,NA,NA,NA,NA,NA,NA,NA,NA,NA,NA,NA,NA,NA,NA,NA,NA,NA,NA,NA,NA,NA,NA,NA,NA,NA,NA,NA,NA,NA,NA,NA,NA,NA,NA,NA,NA,NA,NA,NA,NA,NA,NA,NA,NA,NA,NA,NA,NA,NA,NA,NA,NA,NA,NA,NA,NA,NA,NA,NA,NA,NA,NA,NA,NA,NA,NA,NA,NA,NA,NA,NA,NA,NA,NA,NA,NA,NA,NA,NA,NA,NA,NA,NA,NA,NA,NA,NA,NA,NA,NA,NA,NA,NA,NA,NA,NA,NA,NA,NA,NA,NA
"37","23","  Unit assemblies (Thousands, NSA)","MVMA1",670.1,620,683.2,657.2,750.5,763.9,390.8,431.9,572.7,721,732.2,606.3,808.8,715.4,796.4,791.2,915.1,816.6,604.8,196.1,679.7,935,873.8,715.8,846.2,711.9,761.1,740.3,712.9,786.4,427.4,375.4,754.7,850.2,675.6,612.2,601.7,550.6,628.5,661,719.2,807.5,449.7,288,478.4,390,372.7,603.1,724.7,753.9,862.5,752.5,766.8,807,462.5,512.6,750.5,789.2,770.6,610.2,709.6,740.1,798.2,771.9,840,795.8,382.4,533.5,753,885.5,867.2,677,910.3,848.8,927.6,835.6,931.6,914.7,698.8,463.6,716.1,944.4,875.9,512.6,628.7,556.4,581.5,665.5,716.4,639,534.7,442.4,683,838.2,608.8,350.6,435.6,364.6,481.4,580.4,601.8,620.5,480.8,490.8,663.3,741,601.8,552.8,658,672,811.5,782.2,762.9,842.3,520.6,533.6,644.7,682.2,763.7,704.9,699.6,684.3,916.9,801.8,862.4,936.5,650.1,503,745.1,859.5,777.3,639.5,676.5,675.5,885.4,856,906.2,845.5,560.5,524.7,728.3,900.8,845.5,623.2,776.3,727.7,875.8,711.9,922.8,815.9,575.3,441,614,783.5,627.4,452.7,529.2,618.9,638.2,576.1,524.6,532,415.4,312.8,531.9,668,558.6,469.7,455.5,479,619.4,649.8,662,708,518.2,408.3,453.8,534.4,414.8,349.8,279.8,323.9,467.7,487.6,513.7,564.3,452.8,362.9,423.2,415.2,404.7,384.6,433.9,492.7,575.1,531,591.2,653.2,460.6,508.9,626.3,686.6,643.8,578.1,670.7,695.1,783.8,672.3,713,682.7,523.5,558.3,541.2,701.2,678.3,553.6
"38","24","    Percent change from preceding period","CHG071",NA,-7.5,10.2,-3.8,14.2,1.8,-48.8,10.5,32.6,25.9,1.6,-17.2,33.4,-11.5,11.3,-0.7,15.7,-10.8,-25.9,-67.6,246.6,37.6,-6.5,-18.1,18.2,-15.9,6.9,-2.7,-3.7,10.3,-45.7,-12.2,101,12.7,-20.5,-9.4,-1.7,-8.5,14.1,5.2,8.8,12.3,-44.3,-36,66.1,-18.5,-4.4,61.8,20.2,4,14.4,-12.8,1.9,5.2,-42.7,10.8,46.4,5.2,-2.4,-20.8,16.3,4.3,7.9,-3.3,8.8,-5.3,-51.9,39.5,41.1,17.6,-2.1,-21.9,34.5,-6.8,9.3,-9.9,11.5,-1.8,-23.6,-33.7,54.5,31.9,-7.3,-41.5,22.6,-11.5,4.5,14.4,7.6,-10.8,-16.3,-17.3,54.4,22.7,-27.4,-42.4,24.2,-16.3,32,20.6,3.7,3.1,-22.5,2.1,35.1,11.7,-18.8,-8.1,19,2.1,20.8,-3.6,-2.5,10.4,-38.2,2.5,20.8,5.8,11.9,-7.7,-0.8,-2.2,34,-12.6,7.6,8.6,-30.6,-22.6,48.1,15.4,-9.6,-17.7,5.8,-0.1,31.1,-3.3,5.9,-6.7,-33.7,-6.4,38.8,23.7,-6.1,-26.3,24.6,-6.3,20.4,-18.7,29.6,-11.6,-29.5,-23.3,39.2,27.6,-19.9,-27.8,16.9,17,3.1,-9.7,-8.9,1.4,-21.9,-24.7,70,25.6,-16.4,-15.9,-3,5.2,29.3,4.9,1.9,6.9,-26.8,-21.2,11.1,17.8,-22.4,-15.7,-20,15.8,44.4,4.3,5.4,9.9,-19.8,-19.9,16.6,-1.9,-2.5,-5,12.8,13.6,16.7,-7.7,11.3,10.5,-29.5,10.5,23.1,9.6,-6.2,-10.2,16,3.6,12.8,-14.2,6.1,-4.2,-23.3,6.6,-3.1,29.6,-3.3,-18.4
"39","25","  BEA production estimate (Millions, SAAR)","BEACPT3",7.45,7.766,7.414,8.038,7.59,7.77,7.712,7.406,7.116,7.094,7.586,8.255,8.693,8.822,9.548,9.035,9.721,9.01,11.062,3.616,8.594,8.999,9.614,9.47,9.575,9.209,9.096,8.309,7.771,8.376,7.656,6.906,8.734,8.177,7.583,7.661,7.165,7.002,7.2,7.121,7.877,8.15,7.621,4.882,5.303,3.926,4.204,8.154,8.996,9.637,9.426,8.338,8.404,8.132,8.066,8.37,8.464,8.215,8.224,8.484,8.881,8.968,9.046,9.058,8.449,8.407,6.626,8.378,8.743,8.768,9.468,10.258,10.579,10.963,10.924,9.485,9.482,9.87,11.2,7.411,8.507,8.928,9.845,7.766,7.514,7.232,7.032,7.154,7.496,7.124,7.931,7.364,7.865,8.023,7.097,5.108,5.369,4.728,5.614,6.114,6.439,6.571,6.976,8.372,7.193,7.194,7.246,7.562,8.454,8.725,8.423,8.588,8.282,8.323,7.961,8.782,7.249,7.205,8.566,9.985,9.365,8.906,9.319,8.987,8.927,9.44,10.266,8.154,8.657,8.963,8.574,9.354,8.713,8.768,8.986,9.888,8.872,8.741,8.718,8.79,8.84,9.054,9.541,9.426,9.631,9.506,9.109,8.086,9.084,8.747,8.591,7.806,7.812,7.52,7.216,6.784,6.827,8.111,6.916,6.052,5.477,5.624,5.646,5.518,6.319,6.568,6.912,6.536,6.414,6.594,6.491,6.892,7.102,7.001,7.063,6.93,5.308,5.389,5.011,4.842,4.091,4.458,4.633,5.242,5.425,5.467,6.319,5.837,5.054,4.337,4.644,5.458,6.193,6.586,5.842,5.774,5.89,6.236,6.474,7.176,7.66,7.355,7.601,8.59,7.97,8.015,8.561,7.598,7.156,7.326,7.231,8.071,7.097,7.37,8.459,8.43
"40","26","    Percent change from preceding period","CHG031",NA,4.2,-4.5,8.4,-5.6,2.4,-0.7,-4,-3.9,-0.3,6.9,8.8,5.3,1.5,8.2,-5.4,7.6,-7.3,22.8,-67.3,137.7,4.7,6.8,-1.5,1.1,-3.8,-1.2,-8.7,-6.5,7.8,-8.6,-9.8,26.5,-6.4,-7.3,1,-6.5,-2.3,2.8,-1.1,10.6,3.5,-6.5,-35.9,8.6,-26,7.1,94,10.3,7.1,-2.2,-11.5,0.8,-3.2,-0.8,3.8,1.1,-2.9,0.1,3.2,4.7,1,0.9,0.1,-6.7,-0.5,-21.2,26.4,4.4,0.3,8,8.3,3.1,3.6,-0.4,-13.2,0,4.1,13.5,-33.8,14.8,4.9,10.3,-21.1,-3.2,-3.8,-2.8,1.7,4.8,-5,11.3,-7.1,6.8,2,-11.5,-28,5.1,-11.9,18.7,8.9,5.3,2.1,6.2,20,-14.1,0,0.7,4.4,11.8,3.2,-3.5,2,-3.6,0.5,-4.3,10.3,-17.5,-0.6,18.9,16.6,-6.2,-4.9,4.6,-3.6,-0.7,5.7,8.8,-20.6,6.2,3.5,-4.3,9.1,-6.9,0.6,2.5,10,-10.3,-1.5,-0.3,0.8,0.6,2.4,5.4,-1.2,2.2,-1.3,-4.2,-11.2,12.3,-3.7,-1.8,-9.1,0.1,-3.7,-4,-6,0.6,18.8,-14.7,-12.5,-9.5,2.7,0.4,-2.3,14.5,3.9,5.2,-5.4,-1.9,2.8,-1.6,6.2,3,-1.4,0.9,-1.9,-23.4,1.5,-7,-3.4,-15.5,9,3.9,13.1,3.5,0.8,15.6,-7.6,-13.4,-14.2,7.1,17.5,13.5,6.3,-11.3,-1.2,2,5.9,3.8,10.8,6.7,-4,3.3,13,-7.2,0.6,6.8,-11.2,-5.8,2.4,-1.3,11.6,-12.1,3.8,14.8,-0.3
"41","27","  FRB production estimate (Millions, SAAR)","FRB3",7.4,6.8,7.5,7.8,7.8,7.7,7.8,7.6,7,7.2,8.1,9,8.9,8.9,9.1,9.2,9.3,9.1,9.1,9,9.1,9.4,9.5,9.3,9,9.1,8.7,8,7.5,8.6,8.6,8.8,8.8,8.7,8.3,8.1,7.1,6.8,7.1,7.4,8,8.2,7.5,6.7,5.7,4.2,4.4,7.4,8.4,9.1,8.7,8.2,8.4,8.5,8.6,8.7,8.7,8.7,8.6,8.4,8.2,8.4,8.4,8.8,8.5,8.3,8.8,9,9.1,9.4,9.6,9.7,9.8,9.9,9.8,9.7,9.7,9.8,9.8,8.5,9.8,9.6,9.6,8.8,7,6.9,6.8,7.1,7.4,7.4,7.6,7.7,8.2,8.2,7.2,5.7,5,4.6,5.6,6.3,6.5,6.7,7.2,7.7,7.9,7.7,7.7,8.1,8,8.5,8.5,8.6,8.6,8.6,8.6,8.6,7.8,7.5,8.8,9.8,8.88,8.67,9.37,9.16,9.06,9.6,9.58,9.35,9.32,9.43,9,9.26,7.94,8.3,9.22,9.91,9.31,9.27,9.47,9.41,9.07,9.3,9.72,9.25,9.07,9.06,9.34,8.02,9.4,9.07,8.75,7.92,7.84,7.81,7.18,6.81,6.185,7.381,7.081,6.216,5.432,5.731,5.996,5.773,6.219,6.555,6.886,6.324,5.72,6.077,6.613,7,7.261,7.316,7.256,6.683,5.829,5.434,4.806,4.658,3.65,4.088,4.812,5.346,5.704,5.827,6.585,5.658,5.291,4.47,4.451,5.036,5.63,6.198,5.904,6.116,6.317,6.765,7.073,7.606,7.584,7.458,7.186,7.926,8.117,8.183,8.371,7.904,7.723,7.716,7.663,7.675,7.068,7.172,7.547,8.028
"42","28","    Percent change from preceding period","CHG041",NA,-8.1,10.3,4,0,-1.3,1.3,-2.6,-7.9,2.9,12.5,11.1,-1.1,0,2.2,1.1,1.1,-2.2,0,-1.1,1.1,3.3,1.1,-2.1,-3.2,1.1,-4.4,-8,-6.3,14.7,0,2.3,0,-1.1,-4.6,-2.4,-12.3,-4.2,4.4,4.2,8.1,2.5,-8.5,-10.7,-14.9,-26.3,4.8,68.2,13.5,8.3,-4.4,-5.7,2.4,1.2,1.2,1.2,0,0,-1.1,-2.3,-2.4,2.4,0,4.8,-3.4,-2.4,6,2.3,1.1,3.3,2.1,1,1,1,-1,-1,0,1,0,-13.3,15.3,-2,0,-8.3,-20.5,-1.4,-1.4,4.4,4.2,0,2.7,1.3,6.5,0,-12.2,-20.8,-12.3,-8,21.7,12.5,3.2,3.1,7.5,6.9,2.6,-2.5,0,5.2,-1.2,6.3,0,1.2,0,0,0,0,-9.3,-3.8,17.3,11.4,-9.4,-2.4,8.1,-2.2,-1.1,6,-0.2,-2.4,-0.3,1.2,-4.6,2.9,-14.3,4.5,11.1,7.5,-6.1,-0.4,2.2,-0.6,-3.6,2.5,4.5,-4.8,-1.9,-0.1,3.1,-14.1,17.2,-3.5,-3.5,-9.5,-1,-0.4,-8.1,-5.2,-9.3,19.4,-4.1,-12.1,-12.7,5.5,4.7,-3.8,7.8,5.3,5.2,-8.3,-9.5,6.3,8.7,5.9,3.7,0.8,-0.8,-8,-12.7,-6.9,-11.4,-3.1,-21.7,12.1,17.6,11.2,6.5,2.3,12.9,-14,-6.5,-15.5,-0.4,13.3,11.7,10.1,-4.8,3.7,3.3,7,4.6,7.6,-0.4,-1.6,-3.6,10.3,2.4,0.7,2.3,-5.6,-2.3,0,-0.8,0.3,-7.9,1.4,5.3,6.4
"43","29","  Index of industrial production, autos (2002=100)","IIP011",NA,NA,NA,NA,NA,NA,NA,NA,NA,NA,NA,NA,NA,NA,NA,NA,NA,NA,NA,NA,NA,NA,NA,NA,NA,NA,NA,NA,NA,NA,NA,NA,NA,NA,NA,NA,NA,NA,NA,NA,NA,NA,NA,NA,NA,NA,NA,NA,NA,NA,NA,NA,NA,NA,NA,NA,NA,NA,NA,NA,96.2,98.7,99.5,104.8,102,100.5,107.7,110.9,112.2,116.4,120.4,121.4,123.2,125.4,125.5,125.3,125.6,127.7,128.6,112.9,130.8,129.1,129.8,119.9,96.1,96.2,95,100.7,100.6,104.5,108.3,109.4,117.5,117.6,103,80.9,70.5,65.1,80.3,87.9,90.1,93,102.1,109.2,112.1,110,111.1,117.6,115,122.6,122.5,124.9,123.9,126.1,126.9,127.9,115.4,110.7,131.1,147.4,134.4,131.8,143,140.1,139.1,147.8,148,144.6,144.6,146.6,140,144.3,123.9,130,144.4,155.7,146.3,146,149.7,148.9,143.9,148,155.2,148.1,159.5,148.3,146.7,131.7,146,136.6,128.2,106.5,130.6,123.6,114.7,109.5,100.9,111.1,103,92.4,79.5,81,79.9,73.6,92.8,97.9,105.6,93.4,85.5,86.9,93.6,103.5,106.9,105.4,103.4,99.3,83.9,88.2,80.4,76,60.1,64.9,75.5,86.9,93.3,93.9,104.6,92.2,84.8,77.1,78.3,86.7,94.5,97.6,91.6,96.2,99.2,104.2,108.8,117.4,120.2,123,120.6,127.6,137,132.8,134.9,125.5,119.5,120.3,126.8,131.5,118.7,118,129.3,138.2
"44","30","    Percent change from preceding period","CHG051",NA,NA,NA,NA,NA,NA,NA,NA,NA,NA,NA,NA,NA,NA,NA,NA,NA,NA,NA,NA,NA,NA,NA,NA,NA,NA,NA,NA,NA,NA,NA,NA,NA,NA,NA,NA,NA,NA,NA,NA,NA,NA,NA,NA,NA,NA,NA,NA,NA,NA,NA,NA,NA,NA,NA,NA,NA,NA,NA,NA,NA,2.6,0.8,5.3,-2.7,-1.5,7.2,2.9,1.2,3.7,3.4,0.9,1.5,1.8,0.1,-0.2,0.2,1.6,0.7,-12.3,15.9,-1.3,0.6,-7.6,-19.8,0.1,-1.3,6,0,3.8,3.7,1,7.4,0.1,-12.4,-21.5,-12.9,-7.6,23.2,9.5,2.5,3.2,9.7,7,2.6,-1.9,1.1,5.8,-2.3,6.7,-0.1,2,-0.7,1.7,0.6,0.8,-9.7,-4.1,18.5,12.4,-8.8,-2,8.5,-2,-0.8,6.3,0.1,-2.3,0,1.4,-4.5,3,-14.1,4.9,11.1,7.8,-6,-0.2,2.5,-0.5,-3.4,2.8,4.9,-4.6,7.7,-7,-1.1,-10.2,10.9,-6.4,-6.2,-16.9,22.6,-5.3,-7.2,-4.6,-7.8,10.1,-7.2,-10.4,-13.9,1.9,-1.3,-7.9,26.1,5.5,7.8,-11.5,-8.5,1.6,7.7,10.5,3.3,-1.4,-1.9,-4,-15.5,5.1,-8.8,-5.5,-20.9,7.9,16.5,15.1,7.4,0.6,11.3,-11.9,-8,-9.1,1.6,10.7,9,3.3,-6.2,5.1,3.2,5,4.4,7.9,2.4,2.3,-1.9,5.8,7.3,-3,1.5,-6.9,-4.8,0.7,5.4,3.7,-9.8,-0.6,9.7,6.8
"45",NA,"Unit auto inventory change:"," ",NA,NA,NA,NA,NA,NA,NA,NA,NA,NA,NA,NA,NA,NA,NA,NA,NA,NA,NA,NA,NA,NA,NA,NA,NA,NA,NA,NA,NA,NA,NA,NA,NA,NA,NA,NA,NA,NA,NA,NA,NA,NA,NA,NA,NA,NA,NA,NA,NA,NA,NA,NA,NA,NA,NA,NA,NA,NA,NA,NA,NA,NA,NA,NA,NA,NA,NA,NA,NA,NA,NA,NA,NA,NA,NA,NA,NA,NA,NA,NA,NA,NA,NA,NA,NA,NA,NA,NA,NA,NA,NA,NA,NA,NA,NA,NA,NA,NA,NA,NA,NA,NA,NA,NA,NA,NA,NA,NA,NA,NA,NA,NA,NA,NA,NA,NA,NA,NA,NA,NA,NA,NA,NA,NA,NA,NA,NA,NA,NA,NA,NA,NA,NA,NA,NA,NA,NA,NA,NA,NA,NA,NA,NA,NA,NA,NA,NA,NA,NA,NA,NA,NA,NA,NA,NA,NA,NA,NA,NA,NA,NA,NA,NA,NA,NA,NA,NA,NA,NA,NA,NA,NA,NA,NA,NA,NA,NA,NA,NA,NA,NA,NA,NA,NA,NA,NA,NA,NA,NA,NA,NA,NA,NA,NA,NA,NA,NA,NA,NA,NA,NA,NA,NA,NA,NA,NA,NA,NA,NA,NA,NA,NA,NA,NA,NA,NA
"46",NA,"  BEA estimates of unit detail (Thousands, SA):"," ",NA,NA,NA,NA,NA,NA,NA,NA,NA,NA,NA,NA,NA,NA,NA,NA,NA,NA,NA,NA,NA,NA,NA,NA,NA,NA,NA,NA,NA,NA,NA,NA,NA,NA,NA,NA,NA,NA,NA,NA,NA,NA,NA,NA,NA,NA,NA,NA,NA,NA,NA,NA,NA,NA,NA,NA,NA,NA,NA,NA,NA,NA,NA,NA,NA,NA,NA,NA,NA,NA,NA,NA,NA,NA,NA,NA,NA,NA,NA,NA,NA,NA,NA,NA,NA,NA,NA,NA,NA,NA,NA,NA,NA,NA,NA,NA,NA,NA,NA,NA,NA,NA,NA,NA,NA,NA,NA,NA,NA,NA,NA,NA,NA,NA,NA,NA,NA,NA,NA,NA,NA,NA,NA,NA,NA,NA,NA,NA,NA,NA,NA,NA,NA,NA,NA,NA,NA,NA,NA,NA,NA,NA,NA,NA,NA,NA,NA,NA,NA,NA,NA,NA,NA,NA,NA,NA,NA,NA,NA,NA,NA,NA,NA,NA,NA,NA,NA,NA,NA,NA,NA,NA,NA,NA,NA,NA,NA,NA,NA,NA,NA,NA,NA,NA,NA,NA,NA,NA,NA,NA,NA,NA,NA,NA,NA,NA,NA,NA,NA,NA,NA,NA,NA,NA,NA,NA,NA,NA,NA,NA,NA,NA,NA,NA,NA,NA
"47","31","    Production","BEASMR1",620.8,647.2,617.8,669.8,632.5,647.5,642.7,617.2,593,591.2,632.2,687.9,724.4,735.2,795.7,752.9,810.1,750.8,921.8,301.3,716.2,749.9,801.2,789.2,797.9,767.4,758,692.4,647.6,698,638,575.5,727.8,681.4,631.9,638.4,597.1,583.5,600,593.4,656.4,679.2,635.1,406.8,441.9,327.2,350.3,679.5,749.7,803.1,785.5,694.8,700.3,677.7,672.2,697.5,705.3,684.6,685.3,707,740.1,747.3,753.8,754.8,704.1,700.6,552.2,698.2,728.6,730.7,789,854.8,881.6,913.6,910.3,790.4,790.2,822.5,933.3,617.6,708.9,744,820.4,647.2,626.2,602.7,586,596.2,624.7,593.7,660.9,613.7,655.4,668.6,591.4,425.7,447.4,394,467.8,509.5,536.6,547.6,581.3,697.7,599.4,599.5,603.8,630.2,704.5,727.1,701.9,715.7,690.2,693.6,663.4,731.8,604.1,600.4,713.8,832.1,780.4,742.2,776.6,748.9,743.9,786.7,855.5,679.5,721.4,746.9,714.5,779.5,726.1,730.7,748.8,824,739.3,728.4,726.5,732.5,736.7,754.5,795.1,785.5,802.6,792.2,759.1,673.8,757,728.9,715.9,650.5,651,626.7,601.3,565.3,568.9,675.9,576.3,504.3,456.4,468.7,470.5,459.8,526.6,547.3,576,544.7,534.5,549.5,540.9,574.3,591.8,583.4,588.6,577.5,442.3,449.1,417.6,403.5,340.9,371.5,386.1,436.8,452.1,455.6,526.6,486.4,421.2,361.4,387,454.8,516.1,548.8,486.8,481.2,490.8,519.7,539.5,598,638.3,612.9,633.4,715.8,664.2,667.9,713.4,633.2,596.3,610.5,602.6,672.6,591.4,614.2,704.9,702.5
"48","32","    Plus: Canadian imports","CIMPS1",17.1,18.4,22.9,23,27.8,27.7,31.8,36.7,26.8,28.4,28.3,34.8,33.3,30.5,30.4,36.2,39.6,42.4,40.3,37.9,45.4,45.6,51.1,47.7,49.2,46.5,48.9,44.7,49.7,53.8,50.7,62.3,70.7,63,69.5,67.7,60,63.3,61.8,66,63.8,61.9,59.8,48.8,48,50.3,50.2,48,51,70.3,70.7,59,62.5,60.6,47,98.4,66.7,65,65,63.8,67.8,68.8,65.6,74.1,66.8,69.4,67.1,66.3,66.2,72.4,75,76.9,76.2,74.3,74.5,72.9,71.8,76.3,84.3,48.7,72.8,77.2,75.7,57.7,75.9,75.5,68.4,62.9,64.5,59.2,59.5,71.8,69.7,61.4,58,75.6,24,71.4,60.6,59.2,56.5,53.8,62,77.6,58.7,63.9,64.9,60.9,65.5,64.1,63.1,72.4,72.8,72.7,48,90.8,65.8,55.4,66.3,72,72.8,64.9,79.3,75.7,76.7,76.2,89.3,45.9,56.9,62.8,65.1,66.4,58.3,61.8,63.6,65.2,64.4,68.7,59.2,63.7,72.1,66.7,59.4,61.8,60.5,58.6,52.4,44.6,47.1,43.3,46.6,47.7,49.1,45.1,44.9,42.5,46.1,45.6,43.8,39.3,41.4,42.2,46.9,34.3,42.2,55.5,55.2,46.7,31.7,30.2,44.2,49.3,46.5,47.6,48.5,42.3,40.3,44.6,47.5,43.8,42.5,49.7,53.7,62.8,59.8,60.5,51,87.4,61.1,45.1,41,47.6,67.1,62.9,58.1,58.4,70.6,61.3,60.5,65.4,60,65.9,64.6,78.6,75,69.4,73,66.2,67,66,71.2,80.6,64.5,64.7,68.8,63.2
"49","33","    Plus: Mexican imports","MIMPS1",NA,NA,NA,NA,NA,NA,NA,NA,NA,NA,NA,NA,NA,NA,NA,NA,NA,NA,NA,NA,NA,NA,NA,NA,NA,NA,NA,NA,NA,NA,NA,NA,NA,NA,NA,NA,NA,NA,NA,NA,NA,NA,NA,NA,NA,NA,NA,NA,NA,NA,NA,NA,NA,NA,NA,NA,NA,NA,NA,NA,NA,NA,NA,NA,NA,NA,NA,NA,NA,NA,NA,NA,NA,NA,NA,NA,NA,NA,NA,NA,NA,NA,NA,NA,NA,NA,NA,NA,NA,NA,NA,NA,NA,NA,NA,NA,NA,NA,NA,NA,NA,NA,NA,NA,NA,NA,NA,NA,NA,NA,NA,NA,NA,NA,NA,NA,NA,NA,NA,NA,NA,NA,NA,NA,NA,NA,NA,NA,NA,NA,NA,NA,NA,NA,NA,NA,NA,NA,NA,NA,NA,NA,NA,NA,NA,NA,NA,NA,NA,NA,NA,NA,NA,NA,NA,NA,NA,NA,NA,NA,NA,NA,NA,NA,NA,NA,NA,NA,NA,NA,NA,NA,NA,NA,NA,NA,NA,NA,NA,NA,NA,NA,NA,NA,NA,NA,NA,NA,NA,NA,NA,NA,NA,NA,NA,NA,NA,NA,NA,NA,NA,NA,NA,NA,NA,NA,NA,NA,NA,NA,NA,NA,NA,NA,NA,NA
"50","34","    Less: Sales","SAMR1",653.1,570.8,601.7,680.3,663.4,682.2,661.6,607.9,647,587.7,563.8,648.3,710.5,669.6,728.6,679.4,724.5,701.1,749.7,749.5,725.2,746.7,719.8,720.2,737.5,739.1,696.3,708.3,709.2,707.4,672.1,704.2,747.9,720.2,671.8,650.3,616.2,662,620.3,645.2,639,671.2,643.3,632.9,646.9,498.4,412,432,687.9,692.1,729.1,691.3,680.3,701.9,656.9,689.2,830.3,807,767.5,728.3,736.5,756.3,746.8,759.1,771.8,751.7,761.8,776.7,759.8,793.4,812,826.7,844.7,850.7,909.8,871.9,884.5,810.8,801.8,780.6,802.4,689.8,688.9,652.7,660.8,634.3,647.5,649.5,648.2,639.1,631.3,741.3,609.5,529.7,466.9,503.7,532.2,596.8,499.8,476.3,522.4,530.1,606.6,591.2,625.3,635,657.9,677.3,704.4,726.9,734.3,718.8,698.8,702.5,712.4,665.8,704.3,642.5,689.9,791.4,745.4,752,782.6,745.8,739.2,764.8,738.4,749,729.1,748.5,727.7,748.7,670.3,711.9,746.7,812.6,815.7,811.8,757.6,797.6,727.1,781.7,761,769.9,752.2,764.7,732.6,697.8,686.3,607.6,694,715.5,707.1,610.1,610.8,651.4,695.4,655.2,594.9,493.6,443.7,479.4,537.1,536,531,552.6,538.6,523.9,546.9,616.4,637.5,478.2,483,481.6,488,650.8,560.5,427.6,428.2,410.1,445.7,520.7,489,455.9,531.9,427.5,432,445.8,515.2,444,539.8,510.7,481.7,499.3,507,544.8,567.8,604.5,600.2,560.4,572.8,596.8,589.2,668.6,656.6,686.6,662.7,668.2,679.5,669.6,683.2,654.1,637.1,633.7,647.8,672.6
"51","35","    Less: Exports","EXPTS1",25.2,26,32.9,31,29.9,32.9,30.3,25.8,28.9,28,30.8,44.6,40.4,37.6,33.7,32,35.2,32.3,36.5,21.8,32,36.7,41.5,35.3,36.4,35.1,37.3,34,35.6,33.9,32.4,32.5,35.9,36.1,34,34,28.9,30.4,24.8,31.1,33.5,40.2,33.2,32.4,31.7,24.3,20.9,28.1,36.9,43.9,39.2,41.3,41.1,41.9,41.1,41.7,38.2,31.3,32.8,33.4,36.2,33,35,37.4,35.2,38.7,34.4,41.8,46.4,42.6,44.9,45.9,44.6,44.4,50.1,48.7,47.7,46.2,61.3,40.2,46,53.5,59.3,36.7,52.9,56.2,51.6,51.9,50.8,48.4,45.4,47.7,48.8,52.3,49.9,54.1,35.5,57.9,46.7,46.3,50.4,54.3,58.9,62,53,57.7,65.2,51.5,52.5,52.9,52.1,56.6,56.9,56.2,57.1,54.5,55.4,58.7,58.4,58,61,54.1,63.5,66.5,63.1,60.5,54.3,51.6,63.8,50.7,43.3,55.1,51.4,54.9,53.9,48.1,47.2,49.6,53.5,55.9,57.7,52.7,54.9,61.3,64.6,57.3,60.2,50.7,64.7,63.7,65,54.8,68.6,67.9,65.5,58.1,59,59.5,57.5,51.4,46.6,44.2,40.3,31.5,38.6,43.3,44.5,43.2,44.5,46.2,42.9,50.8,50.4,50.8,49.9,50.4,31.5,26.6,32.2,29.8,24.6,19.9,29.8,42.7,33.2,32.9,40.3,34.3,22.5,20.6,25.3,26.7,39.1,42.5,43.4,44.6,41.6,41.3,41.3,37.8,51.3,48,53.5,53.5,48.1,47.9,51.8,51.2,44,47.4,49.9,54.1,47.7,42.7,50.6,56.1
"52","36","    Equals: Inventory change","INVSC1",-40.4,68.8,6.1,-18.5,-33,-39.9,-17.4,20.2,-56.1,3.9,65.9,29.8,6.8,58.5,63.8,77.7,90,59.8,175.9,-432.1,4.4,12.1,91,81.4,73.2,39.7,73.3,-5.2,-47.5,10.5,-15.8,-98.9,14.7,-11.9,-4.4,21.8,12,-45.6,16.7,-16.9,47.7,29.7,18.4,-209.7,-188.7,-145.2,-32.4,267.4,75.9,137.4,87.9,21.2,41.4,-5.5,21.2,65,-96.5,-88.7,-50,9.1,35.2,26.8,37.6,32.4,-36.1,-20.4,-176.9,-54,-11.4,-32.9,7.1,59.1,68.5,92.8,24.9,-57.3,-70.2,41.8,154.5,-154.5,-66.7,77.9,147.9,15.5,-11.6,-12.3,-44.7,-42.3,-9.8,-34.6,43.7,-103.5,66.8,148,132.6,-56.5,-96.3,-189.3,-18.1,46.1,20.3,17,-22.2,122.1,-20.2,-29.3,-54.4,-37.7,13.1,11.4,-21.4,12.7,7.3,7.6,-58.1,102.3,-89.8,-45.4,31.8,54.7,46.8,1,9.8,12.3,18.3,37.6,152.1,-75.2,-14.6,10.5,8.6,42.1,62.7,25.7,11.8,28.5,-59.2,-64.3,-25.4,-57.3,24,-13.2,38.6,16.1,46.3,28.8,18.7,-30.1,53.1,100.9,3.5,-72.1,-75.6,-6.2,-30.1,-101.7,-139.4,6.8,-32.3,-1.4,7.5,-12.7,-60,-73.4,-0.8,6.9,48.1,24.3,-25.2,-82.9,-95.3,94.6,104.9,98.6,99.2,-81.4,-109.4,39.5,4.7,7.4,-86.9,-119.4,-79,1,-53.2,55.7,105.3,93.7,-55.4,-58.1,-137.1,-35,62.4,69.9,-5.5,-49.8,-48,-64.8,-41.5,65.2,74.2,34,55.3,72.3,34.5,2.8,71.9,-20,-60.2,-40.5,-59.3,45,-28.9,2.5,75.3,37
"53","37","    Inventory level (Thousands, SA)","INVS1",1419,1370.7,1341,1276.9,1257.1,1215.4,1118.4,1163.4,1189.3,1167.4,1163,1251.3,1280.5,1314.3,1301.8,1364.9,1460.8,1490.6,1534.4,1378.4,1477.5,1531.3,1555.3,1525.4,1593.2,1603,1622.6,1594,1508.3,1510.1,1472.8,1555.5,1600.8,1667.6,1603,1542.4,1480.9,1428.4,1420,1427.8,1458.2,1483.3,1504.1,1521,1495.5,1280.5,1167.4,1294,1369.9,1507.3,1595.2,1616.4,1657.8,1652.3,1673.5,1738.5,1642,1553.3,1503.3,1512.4,1547.6,1574.4,1612,1644.4,1608.3,1587.9,1411,1357,1345.6,1312.7,1319.8,1378.9,1447.4,1540.2,1565.1,1507.8,1437.6,1479.4,1633.9,1479.4,1412.7,1490.6,1638.5,1654,1642.4,1630.1,1585.4,1543.1,1533.3,1498.7,1542.4,1438.9,1505.7,1653.7,1786.3,1729.8,1633.5,1444.2,1426.1,1472.2,1492.5,1509.5,1487.3,1609.4,1589.2,1559.9,1505.5,1467.8,1480.9,1492.3,1470.9,1483.6,1490.9,1498.5,1440.4,1542.7,1452.9,1407.5,1439.3,1494,1540.8,1541.8,1551.6,1563.9,1582.2,1619.8,1771.9,1696.7,1682.1,1692.6,1701.2,1743.3,1806,1831.7,1843.5,1872,1812.8,1748.5,1723.1,1665.8,1689.8,1676.6,1715.2,1731.3,1777.6,1806.4,1825.1,1795,1848.1,1949,1952.5,1880.4,1804.8,1798.6,1768.5,1666.8,1527.4,1534.2,1501.9,1500.5,1508,1495.3,1435.3,1361.9,1361.1,1368,1416.1,1440.4,1415.2,1332.3,1237,1331.6,1436.5,1535.1,1634.3,1552.9,1443.5,1483,1487.7,1495.1,1408.2,1288.8,1209.8,1210.8,1157.6,1213.3,1318.6,1412.3,1356.9,1298.8,1161.7,1126.7,1189.1,1259,1253.5,1203.7,1155.7,1090.9,1049.4,1114.6,1188.8,1222.8,1278.1,1350.4,1384.9,1387.7,1459.6,1439.6,1379.4,1338.9,1279.6,1324.6,1295.7,1298.2,1373.5,1410.5
"54","38","    Inventory/sales ratio","INVSAL3",2.173,2.401,2.229,1.877,1.895,1.782,1.69,1.914,1.838,1.986,2.063,1.93,1.802,1.963,1.787,2.009,2.016,2.126,2.047,1.839,2.037,2.051,2.161,2.118,2.16,2.169,2.33,2.25,2.127,2.135,2.191,2.209,2.14,2.315,2.386,2.372,2.403,2.158,2.289,2.213,2.282,2.21,2.338,2.403,2.312,2.569,2.833,2.995,1.991,2.178,2.188,2.338,2.437,2.354,2.548,2.522,1.978,1.925,1.959,2.077,2.101,2.082,2.159,2.166,2.084,2.112,1.852,1.747,1.771,1.655,1.625,1.668,1.714,1.811,1.72,1.729,1.625,1.825,2.038,1.895,1.761,2.161,2.378,2.534,2.485,2.57,2.448,2.376,2.365,2.345,2.443,1.941,2.47,3.122,3.826,3.434,3.069,2.42,2.853,3.091,2.857,2.848,2.452,2.722,2.542,2.457,2.288,2.167,2.102,2.053,2.003,2.064,2.134,2.133,2.022,2.317,2.063,2.191,2.086,1.888,2.067,2.05,1.983,2.097,2.14,2.118,2.4,2.265,2.307,2.261,2.338,2.328,2.694,2.573,2.469,2.304,2.222,2.154,2.274,2.089,2.324,2.145,2.254,2.249,2.363,2.362,2.491,2.572,2.693,3.208,2.813,2.628,2.552,2.948,2.895,2.559,2.196,2.342,2.525,3.04,3.399,3.119,2.672,2.541,2.563,2.476,2.629,2.749,2.588,2.161,1.94,2.785,2.974,3.188,3.349,2.386,2.575,3.468,3.474,3.646,3.16,2.475,2.474,2.656,2.176,2.838,3.052,3.168,2.634,2.925,2.152,2.206,2.469,2.522,2.472,2.209,2.035,1.805,1.748,1.989,2.075,2.049,2.169,2.02,2.109,2.021,2.203,2.154,2.03,2,1.873,2.025,2.034,2.049,2.12,2.097
"55","39","  Ward's inventory level estimate (Thousands, NSA)/1/","INVN1",1477.7,1485.5,1490.2,1427.7,1425,1406.7,1183.2,922.9,958.3,936.6,1000.7,1173.2,1349.3,1435.2,1455.5,1516.7,1633.2,1681.3,1565.4,1129,1243.6,1301.4,1401.4,1448.9,1670.6,1728.2,1775.7,1744.8,1682.4,1701.1,1483.9,1303.7,1366.6,1439.6,1452.3,1467.4,1563.3,1555.2,1572.7,1578.1,1632.2,1673.7,1509.4,1268.9,1261.1,1053.5,1018.2,1219.7,1381.2,1528.2,1682.7,1707,1752.8,1799.2,1582,1569.5,1590.8,1481.5,1446.2,1446.6,1588,1684.5,1741.4,1782.1,1780.6,1750.9,1392.7,1262.9,1300.2,1287.7,1312.5,1311.3,1528.1,1648.8,1652.1,1653.9,1648,1707,1612.5,1386.9,1359.5,1479.2,1628.4,1600.2,1704.9,1737.4,1695.4,1674.3,1655.1,1637.8,1496.3,1293.9,1385.2,1595.1,1732.5,1672.4,1654.1,1500.4,1482.4,1567.5,1583.8,1602.2,1466.2,1436.4,1513.4,1484.2,1442.9,1419.3,1520.2,1566.9,1586.8,1609.2,1607.6,1659.9,1455.3,1394.1,1414.9,1363.6,1423.2,1464.7,1594.3,1645.2,1697.2,1697,1746.6,1805.8,1762.7,1563.4,1669.2,1629.3,1709,1730.9,1887,1951.8,1991,2007.9,1970.2,1911.1,1729.2,1510.4,1606.3,1629.4,1728.4,1729.2,1884.8,1957.3,1974.1,1913.6,2034,2152.8,2026.3,1752.6,1751.7,1774.6,1794.3,1690.7,1598.5,1610.5,1567.2,1584.8,1597.9,1627.9,1506.7,1336.6,1373.4,1389.5,1440,1448.5,1421,1334.9,1260.5,1344.5,1471.7,1664.9,1675.2,1485.7,1426.9,1480.3,1489.7,1471.1,1432,1325.1,1246.6,1256.1,1212.7,1364.2,1377.1,1379.4,1350.4,1295.7,1164.3,1126,1180.3,1248.4,1235.3,1191.3,1191.1,1209,1102.1,1087.6,1192.3,1219.7,1302.8,1352.4,1470.9,1532,1571.6,1535.4,1460.3,1445.8,1297.9,1267.9,1265.6,1292.7,1403.7,1415
"56",NA,"Average expenditure per car:"," ",NA,NA,NA,NA,NA,NA,NA,NA,NA,NA,NA,NA,NA,NA,NA,NA,NA,NA,NA,NA,NA,NA,NA,NA,NA,NA,NA,NA,NA,NA,NA,NA,NA,NA,NA,NA,NA,NA,NA,NA,NA,NA,NA,NA,NA,NA,NA,NA,NA,NA,NA,NA,NA,NA,NA,NA,NA,NA,NA,NA,NA,NA,NA,NA,NA,NA,NA,NA,NA,NA,NA,NA,NA,NA,NA,NA,NA,NA,NA,NA,NA,NA,NA,NA,NA,NA,NA,NA,NA,NA,NA,NA,NA,NA,NA,NA,NA,NA,NA,NA,NA,NA,NA,NA,NA,NA,NA,NA,NA,NA,NA,NA,NA,NA,NA,NA,NA,NA,NA,NA,NA,NA,NA,NA,NA,NA,NA,NA,NA,NA,NA,NA,NA,NA,NA,NA,NA,NA,NA,NA,NA,NA,NA,NA,NA,NA,NA,NA,NA,NA,NA,NA,NA,NA,NA,NA,NA,NA,NA,NA,NA,NA,NA,NA,NA,NA,NA,NA,NA,NA,NA,NA,NA,NA,NA,NA,NA,NA,NA,NA,NA,NA,NA,NA,NA,NA,NA,NA,NA,NA,NA,NA,NA,NA,NA,NA,NA,NA,NA,NA,NA,NA,NA,NA,NA,NA,NA,NA,NA,NA,NA,NA,NA,NA,NA,NA
"57","40","  Overall","UPR000",3142,3127,3131,3164,3178,3187,3212,3217,3294,3304,3303,3325,3346,3352,3356,3391,3398,3406,3415,3416,3388,3440,3459,3511,3509,3539,3539,3530,3523,3539,3525,3602,3601,3608,3592,3569,3542,3533,3540,3532,3549,3564,3567,3615,3542,3474,3497,3555,3759,3764,3766,3736,3769,3765,3772,3664,3689,3715,3731,3776,3779,3790,3821,3863,3857,3878,3882,3896,3936,3962,3932,3952,3986,3982,3995,3981,3981,3986,4013,4170,4171,4201,4106,4050,4065,4113,4170,4235,4296,4365,4551,4542,4597,4694,4793,4870,4597,4538,4759,4949,5013,4966,4987,5028,5243,5037,5104,5189,5261,5287,5341,5377,5400,5410,5445,5378,5429,5450,5552,5662,5665,5731,5758,5697,5715,5789,5797,5867,5874,5911,5967,5988,6024,6064,6160,6314,6323,6418,6488,6531,6476,6482,6610,6661,6704,6741,6706,6671,6646,6742,6836,7014,6983,7048,7076,7006,7189,7196,7206,7295,7369,7442,7664,7692,7828,7857,8065,8090,8317,8412,8442,8736,8918,9005,9000,9011,9088,9203,9288,9494,9317,9390,9559,9912,9961,9994,10010,10010,10061,10194,10135,10292,10063,10135,10301,10326,10472,10562,10645,10860,11040,10875,11117,10888,11137,11150,11124,11394,11260,11382,11224,11426,11528,11399,11522,11945
"58","41","    Domestic","UPR010",3209,3218,3225,3247,3265,3278,3309,3318,3400,3412,3431,3441,3461,3480,3473,3515,3516,3532,3535,3534,3531,3565,3586,3644,3646,3646,3675,3673,3667,3672,3658,3747,3739,3759,3754,3720,3686,3671,3681,3672,3702,3713,3727,3771,3656,3682,3725,3822,3952,3960,3958,3942,3975,3971,3956,3859,3832,3857,3874,3904,3925,3934,3974,4008,4005,4029,4030,4047,4091,4127,4106,4131,4156,4147,4138,4128,4112,4127,4140,4294,4284,4321,4196,4121,4114,4149,4205,4274,4335,4420,4629,4616,4706,4841,4987,5024,4751,4692,4921,5132,5171,5127,5119,5149,5390,5117,5170,5269,5320,5361,5420,5457,5478,5488,5522,5457,5524,5596,5684,5742,5814,5883,5920,5897,5925,5962,5986,6063,6046,6065,6118,6141,6179,6196,6287,6429,6440,6567,6617,6662,6585,6516,6593,6661,6714,6779,6767,6706,6653,6764,6876,7051,6980,7099,7172,7109,7210,7129,7198,7372,7426,7444,7729,7685,7849,7872,8137,8265,8451,8473,8445,8768,8922,9013,8957,8994,9134,9175,9197,9419,9102,9252,9459,9890,9992,10057,10063,10086,10133,10142,10086,10103,10080,10102,10310,10286,10385,10487,10589,10718,10905,10731,10951,10657,10861,10858,10790,10955,10974,11096,11093,11193,11270,11059,11152,11637
"59","42","    Foreign","UPR020",2308,2226,2220,2252,2286,2239,2262,2309,2261,2357,2286,2307,2313,2319,2334,2342,2345,2350,2361,2373,2360,2409,2419,2436,2420,2446,2430,2458,2471,2503,2519,2522,2534,2545,2541,2566,2599,2612,2622,2622,2636,2640,2637,2670,2738,2639,2699,2676,2698,2690,2711,2713,2722,2728,2909,2740,2765,2781,2843,2930,2931,2903,2926,2972,2967,2995,3013,3013,3095,3049,3020,3038,3034,3099,3185,3162,3209,3265,3310,3425,3445,3529,3712,3738,3830,3930,3977,3998,4040,4034,4103,4090,4115,4103,4047,4056,3972,3973,4154,4283,4332,4356,4422,4501,4550,4622,4723,4739,4870,4827,4841,4875,4920,4924,4985,4965,4957,4843,4927,5180,4916,4996,4958,4920,4921,5053,5030,5044,5155,5200,5331,5335,5408,5475,5588,5765,5754,5713,5895,5928,6018,6326,6689,6661,6658,6574,6498,6551,6625,6671,6692,6870,6997,6881,6781,6689,7129,7396,7229,7089,7219,7434,7497,7713,7771,7815,7876,7644,7961,8240,8432,8657,8909,8984,9108,9072,8943,9268,9499,9657,9787,9808,9847,9977,9865,9845,9885,9825,9866,10176,10095,10522,10024,10225,10277,10446,10735,10775,10808,11274,11475,11253,11578,11605,11990,12182,12287,12960,12177,12304,11684,12196,12357,12402,12653,12911
"60",NA,"Average expenditure per car by sector:"," ",NA,NA,NA,NA,NA,NA,NA,NA,NA,NA,NA,NA,NA,NA,NA,NA,NA,NA,NA,NA,NA,NA,NA,NA,NA,NA,NA,NA,NA,NA,NA,NA,NA,NA,NA,NA,NA,NA,NA,NA,NA,NA,NA,NA,NA,NA,NA,NA,NA,NA,NA,NA,NA,NA,NA,NA,NA,NA,NA,NA,NA,NA,NA,NA,NA,NA,NA,NA,NA,NA,NA,NA,NA,NA,NA,NA,NA,NA,NA,NA,NA,NA,NA,NA,NA,NA,NA,NA,NA,NA,NA,NA,NA,NA,NA,NA,NA,NA,NA,NA,NA,NA,NA,NA,NA,NA,NA,NA,NA,NA,NA,NA,NA,NA,NA,NA,NA,NA,NA,NA,NA,NA,NA,NA,NA,NA,NA,NA,NA,NA,NA,NA,NA,NA,NA,NA,NA,NA,NA,NA,NA,NA,NA,NA,NA,NA,NA,NA,NA,NA,NA,NA,NA,NA,NA,NA,NA,NA,NA,NA,NA,NA,NA,NA,NA,NA,NA,NA,NA,NA,NA,NA,NA,NA,NA,NA,NA,NA,NA,NA,NA,NA,NA,NA,NA,NA,NA,NA,NA,NA,NA,NA,NA,NA,NA,NA,NA,NA,NA,NA,NA,NA,NA,NA,NA,NA,NA,NA,NA,NA,NA,NA,NA,NA,NA,NA
"61","43","  Business","UPR030",3139,3124,3126,3177,3226,3264,3318,3251,3548,3415,3449,3429,3450,3471,3470,3509,3516,3527,3524,3529,3531,3558,3571,3631,3637,3634,3650,3644,3635,3644,3626,3714,3707,3722,3713,3684,3653,3642,3648,3638,3670,3684,3693,3742,3649,3652,3678,3760,3914,3912,3913,3894,3926,3921,3905,3813,3789,3827,3853,3889,3913,3933,3974,4015,4014,4043,4046,4057,4098,4118,4096,4119,4146,4128,4118,4101,4082,4066,4089,4222,4237,4264,4138,4060,4053,4086,4139,4207,4273,4349,4557,4543,4623,4747,4875,4923,4657,4620,4826,5022,5065,5021,5024,5059,5284,5032,5104,5201,5271,5315,5381,5427,5448,5468,5509,5446,5509,5577,5674,5744,5777,5834,5858,5813,5867,5905,5931,5992,5926,5888,5913,5933,6059,5990,6071,6306,6316,6412,6501,6547,6413,6332,6412,6468,6592,6705,6716,6665,6642,6696,6827,6941,6948,7147,7250,7165,7204,7117,7153,7304,7355,7383,7644,7617,7735,7781,8021,8118,8318,8241,8246,8624,8755,8838,8822,8828,8935,8994,9041,9271,8918,9042,9240,9618,9703,9752,9752,9771,9821,9874,9817,9876,9755,9661,9945,9725,9981,10178,10154,10306,10435,10303,10696,10167,10503,10566,10543,10782,10726,10833,10831,10945,11164,10779,10999,11745
"62","44","  Government","ZZZZZZ0",NA,NA,NA,NA,NA,NA,NA,NA,NA,NA,NA,NA,NA,NA,NA,NA,NA,NA,NA,NA,NA,NA,NA,NA,NA,NA,NA,NA,NA,NA,NA,NA,NA,NA,NA,NA,NA,NA,NA,NA,NA,NA,NA,NA,NA,NA,NA,NA,NA,NA,NA,NA,NA,NA,NA,NA,NA,NA,NA,NA,NA,NA,NA,NA,NA,NA,NA,NA,NA,NA,NA,NA,NA,NA,NA,NA,NA,NA,NA,NA,NA,NA,NA,NA,NA,NA,NA,NA,NA,NA,NA,NA,NA,NA,NA,NA,NA,NA,NA,NA,NA,NA,NA,NA,NA,NA,NA,NA,NA,NA,NA,NA,NA,NA,NA,NA,NA,NA,NA,NA,NA,NA,NA,NA,NA,NA,NA,NA,NA,NA,NA,NA,NA,NA,NA,NA,NA,NA,NA,NA,NA,NA,NA,NA,NA,NA,NA,NA,NA,NA,NA,NA,NA,NA,NA,NA,NA,NA,NA,NA,NA,NA,NA,NA,NA,NA,NA,NA,NA,NA,NA,NA,NA,NA,NA,NA,NA,NA,NA,NA,NA,NA,NA,NA,NA,NA,NA,NA,NA,NA,NA,NA,NA,NA,NA,NA,NA,NA,NA,NA,NA,NA,NA,NA,NA,NA,NA,NA,NA,NA,NA,NA,NA,NA,NA,NA
"63","45","  Consumer","UPR050",3150,3136,3140,3166,3168,3169,3186,3213,3216,3275,3264,3299,3318,3321,3327,3360,3367,3374,3384,3386,3352,3409,3427,3478,3476,3514,3508,3498,3491,3511,3498,3573,3574,3577,3559,3538,3513,3505,3511,3504,3517,3533,3533,3582,3518,3430,3448,3495,3717,3722,3725,3693,3726,3723,3738,3624,3661,3686,3702,3749,3746,3755,3783,3826,3819,3838,3843,3857,3896,3921,3889,3911,3947,3946,3966,3953,3960,3967,3998,4164,4162,4193,4108,4060,4085,4142,4202,4268,4326,4395,4571,4566,4611,4697,4783,4875,4596,4530,4756,4946,5020,4970,5000,5044,5257,5071,5133,5213,5286,5306,5355,5388,5413,5419,5452,5384,5431,5432,5537,5666,5650,5714,5740,5667,5668,5756,5756,5827,5866,5935,6007,6027,6024,6117,6224,6338,6346,6442,6507,6552,6532,6582,6735,6782,6789,6789,6730,6701,6673,6789,6868,7081,7025,7028,7027,6961,7206,7252,7257,7322,7404,7498,7703,7760,7904,7913,8122,8107,8351,8531,8561,8834,9039,9126,9120,9126,9198,9345,9446,9645,9564,9591,9731,10093,10119,10146,10185,10179,10212,10326,10265,10422,10289,10533,10503,10745,10691,10651,10938,11218,11546,11297,11334,11419,11499,11446,11460,11832,11696,11895,11618,11889,11782,12032,12014,12063
"64",NA,"Price:"," ",NA,NA,NA,NA,NA,NA,NA,NA,NA,NA,NA,NA,NA,NA,NA,NA,NA,NA,NA,NA,NA,NA,NA,NA,NA,NA,NA,NA,NA,NA,NA,NA,NA,NA,NA,NA,NA,NA,NA,NA,NA,NA,NA,NA,NA,NA,NA,NA,NA,NA,NA,NA,NA,NA,NA,NA,NA,NA,NA,NA,NA,NA,NA,NA,NA,NA,NA,NA,NA,NA,NA,NA,NA,NA,NA,NA,NA,NA,NA,NA,NA,NA,NA,NA,NA,NA,NA,NA,NA,NA,NA,NA,NA,NA,NA,NA,NA,NA,NA,NA,NA,NA,NA,NA,NA,NA,NA,NA,NA,NA,NA,NA,NA,NA,NA,NA,NA,NA,NA,NA,NA,NA,NA,NA,NA,NA,NA,NA,NA,NA,NA,NA,NA,NA,NA,NA,NA,NA,NA,NA,NA,NA,NA,NA,NA,NA,NA,NA,NA,NA,NA,NA,NA,NA,NA,NA,NA,NA,NA,NA,NA,NA,NA,NA,NA,NA,NA,NA,NA,NA,NA,NA,NA,NA,NA,NA,NA,NA,NA,NA,NA,NA,NA,NA,NA,NA,NA,NA,NA,NA,NA,NA,NA,NA,NA,NA,NA,NA,NA,NA,NA,NA,NA,NA,NA,NA,NA,NA,NA,NA,NA,NA,NA,NA,NA,NA
"65","46","  Consumer price index for new autos","CPA431",48.5,48.5,48.6,48.7,48.8,48.9,49.2,49.6,49.8,50.3,50.2,50.2,50.2,50.2,50.2,50.3,50.5,50.5,50.6,50.7,51,51.2,51.5,50.9,50.8,50.9,51.2,51.2,51.2,51.4,51.5,51.7,51.6,51.9,52.1,52,52,52,52.2,52.3,52.3,52.3,52.5,52.9,53.4,54.3,54.9,55.6,56.1,56.2,56,56,56.1,56.2,56.5,54.7,53.6,53.5,53.6,54,54.6,54.7,54.8,55,54.9,54.9,55,55.3,55.5,54.1,54,54.1,54.1,54.3,54.4,54.7,54.8,54.8,55,55.2,55.1,55,54.9,54.8,55,55.2,55.4,55.7,56.5,57.5,58.6,58.9,59.7,60.8,60.9,61,60.2,61,62.6,62.9,62.6,62.8,62.8,63.2,63.6,63.9,64.1,65.2,65.4,65.8,66,66.2,66.3,66.4,66.6,67,67.5,68.6,68.3,68.6,68.8,68.9,69.3,69.3,69.6,69.9,70.2,70.5,70.8,72,72.5,73.5,74.2,74.4,74.7,74.6,74.8,75.3,75.6,76,76.5,77.2,77.8,78.5,78.9,79.7,80.2,81.1,81.5,81.8,82.3,82.6,82.8,83.1,83.7,84.1,85.1,86.2,86.4,87.3,87.9,87.8,88.4,89.7,90.4,90.2,90.5,90.4,90.8,90.8,90.2,91.8,93.8,94.6,95,94.8,95,95.5,96,96.7,96.8,96.2,95.9,96.7,97.1,97.6,98,98.1,98.1,97.9,97.8,98.2,98.5,98.8,99,99.2,99.4,99.6,99.8,100.2,100.6,100.9,101.1,101.3,101.6,101.7,102,102.3,102.4,102.6,102.9,103.2,103.4,103.5,103.7,103.8
"66",NA,NA,NA,NA,NA,NA,NA,NA,NA,NA,NA,NA,NA,NA,NA,NA,NA,NA,NA,NA,NA,NA,NA,NA,NA,NA,NA,NA,NA,NA,NA,NA,NA,NA,NA,NA,NA,NA,NA,NA,NA,NA,NA,NA,NA,NA,NA,NA,NA,NA,NA,NA,NA,NA,NA,NA,NA,NA,NA,NA,NA,NA,NA,NA,NA,NA,NA,NA,NA,NA,NA,NA,NA,NA,NA,NA,NA,NA,NA,NA,NA,NA,NA,NA,NA,NA,NA,NA,NA,NA,NA,NA,NA,NA,NA,NA,NA,NA,NA,NA,NA,NA,NA,NA,NA,NA,NA,NA,NA,NA,NA,NA,NA,NA,NA,NA,NA,NA,NA,NA,NA,NA,NA,NA,NA,NA,NA,NA,NA,NA,NA,NA,NA,NA,NA,NA,NA,NA,NA,NA,NA,NA,NA,NA,NA,NA,NA,NA,NA,NA,NA,NA,NA,NA,NA,NA,NA,NA,NA,NA,NA,NA,NA,NA,NA,NA,NA,NA,NA,NA,NA,NA,NA,NA,NA,NA,NA,NA,NA,NA,NA,NA,NA,NA,NA,NA,NA,NA,NA,NA,NA,NA,NA,NA,NA,NA,NA,NA,NA,NA,NA,NA,NA,NA,NA,NA,NA,NA,NA,NA,NA,NA,NA,NA,NA,NA,NA,NA,NA
"67","1.  Source: ""Ward's Automotive Reports""",NA,NA,NA,NA,NA,NA,NA,NA,NA,NA,NA,NA,NA,NA,NA,NA,NA,NA,NA,NA,NA,NA,NA,NA,NA,NA,NA,NA,NA,NA,NA,NA,NA,NA,NA,NA,NA,NA,NA,NA,NA,NA,NA,NA,NA,NA,NA,NA,NA,NA,NA,NA,NA,NA,NA,NA,NA,NA,NA,NA,NA,NA,NA,NA,NA,NA,NA,NA,NA,NA,NA,NA,NA,NA,NA,NA,NA,NA,NA,NA,NA,NA,NA,NA,NA,NA,NA,NA,NA,NA,NA,NA,NA,NA,NA,NA,NA,NA,NA,NA,NA,NA,NA,NA,NA,NA,NA,NA,NA,NA,NA,NA,NA,NA,NA,NA,NA,NA,NA,NA,NA,NA,NA,NA,NA,NA,NA,NA,NA,NA,NA,NA,NA,NA,NA,NA,NA,NA,NA,NA,NA,NA,NA,NA,NA,NA,NA,NA,NA,NA,NA,NA,NA,NA,NA,NA,NA,NA,NA,NA,NA,NA,NA,NA,NA,NA,NA,NA,NA,NA,NA,NA,NA,NA,NA,NA,NA,NA,NA,NA,NA,NA,NA,NA,NA,NA,NA,NA,NA,NA,NA,NA,NA,NA,NA,NA,NA,NA,NA,NA,NA,NA,NA,NA,NA,NA,NA,NA,NA,NA,NA,NA,NA,NA,NA,NA,NA,NA
"68","FRB  Federal Reserve Board",NA,NA,NA,NA,NA,NA,NA,NA,NA,NA,NA,NA,NA,NA,NA,NA,NA,NA,NA,NA,NA,NA,NA,NA,NA,NA,NA,NA,NA,NA,NA,NA,NA,NA,NA,NA,NA,NA,NA,NA,NA,NA,NA,NA,NA,NA,NA,NA,NA,NA,NA,NA,NA,NA,NA,NA,NA,NA,NA,NA,NA,NA,NA,NA,NA,NA,NA,NA,NA,NA,NA,NA,NA,NA,NA,NA,NA,NA,NA,NA,NA,NA,NA,NA,NA,NA,NA,NA,NA,NA,NA,NA,NA,NA,NA,NA,NA,NA,NA,NA,NA,NA,NA,NA,NA,NA,NA,NA,NA,NA,NA,NA,NA,NA,NA,NA,NA,NA,NA,NA,NA,NA,NA,NA,NA,NA,NA,NA,NA,NA,NA,NA,NA,NA,NA,NA,NA,NA,NA,NA,NA,NA,NA,NA,NA,NA,NA,NA,NA,NA,NA,NA,NA,NA,NA,NA,NA,NA,NA,NA,NA,NA,NA,NA,NA,NA,NA,NA,NA,NA,NA,NA,NA,NA,NA,NA,NA,NA,NA,NA,NA,NA,NA,NA,NA,NA,NA,NA,NA,NA,NA,NA,NA,NA,NA,NA,NA,NA,NA,NA,NA,NA,NA,NA,NA,NA,NA,NA,NA,NA,NA,NA,NA,NA,NA,NA,NA,NA
"69","SAAR Seasonally adjusted at annual rates",NA,NA,NA,NA,NA,NA,NA,NA,NA,NA,NA,NA,NA,NA,NA,NA,NA,NA,NA,NA,NA,NA,NA,NA,NA,NA,NA,NA,NA,NA,NA,NA,NA,NA,NA,NA,NA,NA,NA,NA,NA,NA,NA,NA,NA,NA,NA,NA,NA,NA,NA,NA,NA,NA,NA,NA,NA,NA,NA,NA,NA,NA,NA,NA,NA,NA,NA,NA,NA,NA,NA,NA,NA,NA,NA,NA,NA,NA,NA,NA,NA,NA,NA,NA,NA,NA,NA,NA,NA,NA,NA,NA,NA,NA,NA,NA,NA,NA,NA,NA,NA,NA,NA,NA,NA,NA,NA,NA,NA,NA,NA,NA,NA,NA,NA,NA,NA,NA,NA,NA,NA,NA,NA,NA,NA,NA,NA,NA,NA,NA,NA,NA,NA,NA,NA,NA,NA,NA,NA,NA,NA,NA,NA,NA,NA,NA,NA,NA,NA,NA,NA,NA,NA,NA,NA,NA,NA,NA,NA,NA,NA,NA,NA,NA,NA,NA,NA,NA,NA,NA,NA,NA,NA,NA,NA,NA,NA,NA,NA,NA,NA,NA,NA,NA,NA,NA,NA,NA,NA,NA,NA,NA,NA,NA,NA,NA,NA,NA,NA,NA,NA,NA,NA,NA,NA,NA,NA,NA,NA,NA,NA,NA,NA,NA,NA,NA,NA,NA
"70","GVW  Gross vehicle weight",NA,NA,NA,NA,NA,NA,NA,NA,NA,NA,NA,NA,NA,NA,NA,NA,NA,NA,NA,NA,NA,NA,NA,NA,NA,NA,NA,NA,NA,NA,NA,NA,NA,NA,NA,NA,NA,NA,NA,NA,NA,NA,NA,NA,NA,NA,NA,NA,NA,NA,NA,NA,NA,NA,NA,NA,NA,NA,NA,NA,NA,NA,NA,NA,NA,NA,NA,NA,NA,NA,NA,NA,NA,NA,NA,NA,NA,NA,NA,NA,NA,NA,NA,NA,NA,NA,NA,NA,NA,NA,NA,NA,NA,NA,NA,NA,NA,NA,NA,NA,NA,NA,NA,NA,NA,NA,NA,NA,NA,NA,NA,NA,NA,NA,NA,NA,NA,NA,NA,NA,NA,NA,NA,NA,NA,NA,NA,NA,NA,NA,NA,NA,NA,NA,NA,NA,NA,NA,NA,NA,NA,NA,NA,NA,NA,NA,NA,NA,NA,NA,NA,NA,NA,NA,NA,NA,NA,NA,NA,NA,NA,NA,NA,NA,NA,NA,NA,NA,NA,NA,NA,NA,NA,NA,NA,NA,NA,NA,NA,NA,NA,NA,NA,NA,NA,NA,NA,NA,NA,NA,NA,NA,NA,NA,NA,NA,NA,NA,NA,NA,NA,NA,NA,NA,NA,NA,NA,NA,NA,NA,NA,NA,NA,NA,NA,NA,NA,NA
"71","NSA  Not seasonally adjusted",NA,NA,NA,NA,NA,NA,NA,NA,NA,NA,NA,NA,NA,NA,NA,NA,NA,NA,NA,NA,NA,NA,NA,NA,NA,NA,NA,NA,NA,NA,NA,NA,NA,NA,NA,NA,NA,NA,NA,NA,NA,NA,NA,NA,NA,NA,NA,NA,NA,NA,NA,NA,NA,NA,NA,NA,NA,NA,NA,NA,NA,NA,NA,NA,NA,NA,NA,NA,NA,NA,NA,NA,NA,NA,NA,NA,NA,NA,NA,NA,NA,NA,NA,NA,NA,NA,NA,NA,NA,NA,NA,NA,NA,NA,NA,NA,NA,NA,NA,NA,NA,NA,NA,NA,NA,NA,NA,NA,NA,NA,NA,NA,NA,NA,NA,NA,NA,NA,NA,NA,NA,NA,NA,NA,NA,NA,NA,NA,NA,NA,NA,NA,NA,NA,NA,NA,NA,NA,NA,NA,NA,NA,NA,NA,NA,NA,NA,NA,NA,NA,NA,NA,NA,NA,NA,NA,NA,NA,NA,NA,NA,NA,NA,NA,NA,NA,NA,NA,NA,NA,NA,NA,NA,NA,NA,NA,NA,NA,NA,NA,NA,NA,NA,NA,NA,NA,NA,NA,NA,NA,NA,NA,NA,NA,NA,NA,NA,NA,NA,NA,NA,NA,NA,NA,NA,NA,NA,NA,NA,NA,NA,NA,NA,NA,NA,NA,NA,NA
"72","SA   Seasonally adjusted",NA,NA,NA,NA,NA,NA,NA,NA,NA,NA,NA,NA,NA,NA,NA,NA,NA,NA,NA,NA,NA,NA,NA,NA,NA,NA,NA,NA,NA,NA,NA,NA,NA,NA,NA,NA,NA,NA,NA,NA,NA,NA,NA,NA,NA,NA,NA,NA,NA,NA,NA,NA,NA,NA,NA,NA,NA,NA,NA,NA,NA,NA,NA,NA,NA,NA,NA,NA,NA,NA,NA,NA,NA,NA,NA,NA,NA,NA,NA,NA,NA,NA,NA,NA,NA,NA,NA,NA,NA,NA,NA,NA,NA,NA,NA,NA,NA,NA,NA,NA,NA,NA,NA,NA,NA,NA,NA,NA,NA,NA,NA,NA,NA,NA,NA,NA,NA,NA,NA,NA,NA,NA,NA,NA,NA,NA,NA,NA,NA,NA,NA,NA,NA,NA,NA,NA,NA,NA,NA,NA,NA,NA,NA,NA,NA,NA,NA,NA,NA,NA,NA,NA,NA,NA,NA,NA,NA,NA,NA,NA,NA,NA,NA,NA,NA,NA,NA,NA,NA,NA,NA,NA,NA,NA,NA,NA,NA,NA,NA,NA,NA,NA,NA,NA,NA,NA,NA,NA,NA,NA,NA,NA,NA,NA,NA,NA,NA,NA,NA,NA,NA,NA,NA,NA,NA,NA,NA,NA,NA,NA,NA,NA,NA,NA,NA,NA,NA,NA
"73",NA,NA,NA,NA,NA,NA,NA,NA,NA,NA,NA,NA,NA,NA,NA,NA,NA,NA,NA,NA,NA,NA,NA,NA,NA,NA,NA,NA,NA,NA,NA,NA,NA,NA,NA,NA,NA,NA,NA,NA,NA,NA,NA,NA,NA,NA,NA,NA,NA,NA,NA,NA,NA,NA,NA,NA,NA,NA,NA,NA,NA,NA,NA,NA,NA,NA,NA,NA,NA,NA,NA,NA,NA,NA,NA,NA,NA,NA,NA,NA,NA,NA,NA,NA,NA,NA,NA,NA,NA,NA,NA,NA,NA,NA,NA,NA,NA,NA,NA,NA,NA,NA,NA,NA,NA,NA,NA,NA,NA,NA,NA,NA,NA,NA,NA,NA,NA,NA,NA,NA,NA,NA,NA,NA,NA,NA,NA,NA,NA,NA,NA,NA,NA,NA,NA,NA,NA,NA,NA,NA,NA,NA,NA,NA,NA,NA,NA,NA,NA,NA,NA,NA,NA,NA,NA,NA,NA,NA,NA,NA,NA,NA,NA,NA,NA,NA,NA,NA,NA,NA,NA,NA,NA,NA,NA,NA,NA,NA,NA,NA,NA,NA,NA,NA,NA,NA,NA,NA,NA,NA,NA,NA,NA,NA,NA,NA,NA,NA,NA,NA,NA,NA,NA,NA,NA,NA,NA,NA,NA,NA,NA,NA,NA,NA,NA,NA,NA,NA,NA
"74",NA,NA,NA,NA,NA,NA,NA,NA,NA,NA,NA,NA,NA,NA,NA,NA,NA,NA,NA,NA,NA,NA,NA,NA,NA,NA,NA,NA,NA,NA,NA,NA,NA,NA,NA,NA,NA,NA,NA,NA,NA,NA,NA,NA,NA,NA,NA,NA,NA,NA,NA,NA,NA,NA,NA,NA,NA,NA,NA,NA,NA,NA,NA,NA,NA,NA,NA,NA,NA,NA,NA,NA,NA,NA,NA,NA,NA,NA,NA,NA,NA,NA,NA,NA,NA,NA,NA,NA,NA,NA,NA,NA,NA,NA,NA,NA,NA,NA,NA,NA,NA,NA,NA,NA,NA,NA,NA,NA,NA,NA,NA,NA,NA,NA,NA,NA,NA,NA,NA,NA,NA,NA,NA,NA,NA,NA,NA,NA,NA,NA,NA,NA,NA,NA,NA,NA,NA,NA,NA,NA,NA,NA,NA,NA,NA,NA,NA,NA,NA,NA,NA,NA,NA,NA,NA,NA,NA,NA,NA,NA,NA,NA,NA,NA,NA,NA,NA,NA,NA,NA,NA,NA,NA,NA,NA,NA,NA,NA,NA,NA,NA,NA,NA,NA,NA,NA,NA,NA,NA,NA,NA,NA,NA,NA,NA,NA,NA,NA,NA,NA,NA,NA,NA,NA,NA,NA,NA,NA,NA,NA,NA,NA,NA,NA,NA,NA,NA,NA,NA
"75",NA,NA,NA,NA,NA,NA,NA,NA,NA,NA,NA,NA,NA,NA,NA,NA,NA,NA,NA,NA,NA,NA,NA,NA,NA,NA,NA,NA,NA,NA,NA,NA,NA,NA,NA,NA,NA,NA,NA,NA,NA,NA,NA,NA,NA,NA,NA,NA,NA,NA,NA,NA,NA,NA,NA,NA,NA,NA,NA,NA,NA,NA,NA,NA,NA,NA,NA,NA,NA,NA,NA,NA,NA,NA,NA,NA,NA,NA,NA,NA,NA,NA,NA,NA,NA,NA,NA,NA,NA,NA,NA,NA,NA,NA,NA,NA,NA,NA,NA,NA,NA,NA,NA,NA,NA,NA,NA,NA,NA,NA,NA,NA,NA,NA,NA,NA,NA,NA,NA,NA,NA,NA,NA,NA,NA,NA,NA,NA,NA,NA,NA,NA,NA,NA,NA,NA,NA,NA,NA,NA,NA,NA,NA,NA,NA,NA,NA,NA,NA,NA,NA,NA,NA,NA,NA,NA,NA,NA,NA,NA,NA,NA,NA,NA,NA,NA,NA,NA,NA,NA,NA,NA,NA,NA,NA,NA,NA,NA,NA,NA,NA,NA,NA,NA,NA,NA,NA,NA,NA,NA,NA,NA,NA,NA,NA,NA,NA,NA,NA,NA,NA,NA,NA,NA,NA,NA,NA,NA,NA,NA,NA,NA,NA,NA,NA,NA,NA,NA,NA
"76","Line",NA,NA,1985,1985,1985,1985,1985,1985,1985,1985,1985,1985,1985,1985,1986,1986,1986,1986,1986,1986,1986,1986,1986,1986,1986,1986,1987,1987,1987,1987,1987,1987,1987,1987,1987,1987,1987,1987,1988,1988,1988,1988,1988,1988,1988,1988,1988,1988,1988,1988,1989,1989,1989,1989,1989,1989,1989,1989,1989,1989,1989,1989,1990,1990,1990,1990,1990,1990,1990,1990,1990,1990,1990,1990,1991,1991,1991,1991,1991,1991,1991,1991,1991,1991,1991,1991,1992,1992,1992,1992,1992,1992,1992,1992,1992,1992,1992,1992,1993,1993,1993,1993,1993,1993,1993,1993,1993,1993,1993,1993,1994,1994,1994,1994,1994,1994,1994,1994,1994,1994,1994,1994,1995,1995,1995,1995,1995,1995,1995,1995,1995,1995,1995,1995,1996,1996,1996,1996,1996,1996,1996,1996,1996,1996,1996,1996,1997,1997,1997,1997,1997,1997,1997,1997,1997,1997,1997,1997,1998,1998,1998,1998,1998,1998,1998,1998,1998,1998,1998,1998,1999,1999,1999,1999,1999,1999,1999,1999,1999,1999,1999,1999,2000,2000,2000,2000,2000,2000,2000,2000,2000,2000,2000,2000,2001,2001,2001,2001,2001,2001,2001,2001,2001,2001,2001,2001,2002,2002,2002,2002,2002,2002,2002,2002,2002,2002,2002,2002
"77",NA,NA,NA,1,2,3,4,5,6,7,8,9,10,11,12,1,2,3,4,5,6,7,8,9,10,11,12,1,2,3,4,5,6,7,8,9,10,11,12,1,2,3,4,5,6,7,8,9,10,11,12,1,2,3,4,5,6,7,8,9,10,11,12,1,2,3,4,5,6,7,8,9,10,11,12,1,2,3,4,5,6,7,8,9,10,11,12,1,2,3,4,5,6,7,8,9,10,11,12,1,2,3,4,5,6,7,8,9,10,11,12,1,2,3,4,5,6,7,8,9,10,11,12,1,2,3,4,5,6,7,8,9,10,11,12,1,2,3,4,5,6,7,8,9,10,11,12,1,2,3,4,5,6,7,8,9,10,11,12,1,2,3,4,5,6,7,8,9,10,11,12,1,2,3,4,5,6,7,8,9,10,11,12,1,2,3,4,5,6,7,8,9,10,11,12,1,2,3,4,5,6,7,8,9,10,11,12,1,2,3,4,5,6,7,8,9,10,11,12
"78",NA,"Unit auto sales:"," ",NA,NA,NA,NA,NA,NA,NA,NA,NA,NA,NA,NA,NA,NA,NA,NA,NA,NA,NA,NA,NA,NA,NA,NA,NA,NA,NA,NA,NA,NA,NA,NA,NA,NA,NA,NA,NA,NA,NA,NA,NA,NA,NA,NA,NA,NA,NA,NA,NA,NA,NA,NA,NA,NA,NA,NA,NA,NA,NA,NA,NA,NA,NA,NA,NA,NA,NA,NA,NA,NA,NA,NA,NA,NA,NA,NA,NA,NA,NA,NA,NA,NA,NA,NA,NA,NA,NA,NA,NA,NA,NA,NA,NA,NA,NA,NA,NA,NA,NA,NA,NA,NA,NA,NA,NA,NA,NA,NA,NA,NA,NA,NA,NA,NA,NA,NA,NA,NA,NA,NA,NA,NA,NA,NA,NA,NA,NA,NA,NA,NA,NA,NA,NA,NA,NA,NA,NA,NA,NA,NA,NA,NA,NA,NA,NA,NA,NA,NA,NA,NA,NA,NA,NA,NA,NA,NA,NA,NA,NA,NA,NA,NA,NA,NA,NA,NA,NA,NA,NA,NA,NA,NA,NA,NA,NA,NA,NA,NA,NA,NA,NA,NA,NA,NA,NA,NA,NA,NA,NA,NA,NA,NA,NA,NA,NA,NA,NA,NA,NA,NA,NA,NA,NA,NA,NA,NA,NA,NA,NA,NA,NA,NA,NA,NA,NA,NA
"79",NA,"  Not seasonally adjusted (Thousands):"," ",NA,NA,NA,NA,NA,NA,NA,NA,NA,NA,NA,NA,NA,NA,NA,NA,NA,NA,NA,NA,NA,NA,NA,NA,NA,NA,NA,NA,NA,NA,NA,NA,NA,NA,NA,NA,NA,NA,NA,NA,NA,NA,NA,NA,NA,NA,NA,NA,NA,NA,NA,NA,NA,NA,NA,NA,NA,NA,NA,NA,NA,NA,NA,NA,NA,NA,NA,NA,NA,NA,NA,NA,NA,NA,NA,NA,NA,NA,NA,NA,NA,NA,NA,NA,NA,NA,NA,NA,NA,NA,NA,NA,NA,NA,NA,NA,NA,NA,NA,NA,NA,NA,NA,NA,NA,NA,NA,NA,NA,NA,NA,NA,NA,NA,NA,NA,NA,NA,NA,NA,NA,NA,NA,NA,NA,NA,NA,NA,NA,NA,NA,NA,NA,NA,NA,NA,NA,NA,NA,NA,NA,NA,NA,NA,NA,NA,NA,NA,NA,NA,NA,NA,NA,NA,NA,NA,NA,NA,NA,NA,NA,NA,NA,NA,NA,NA,NA,NA,NA,NA,NA,NA,NA,NA,NA,NA,NA,NA,NA,NA,NA,NA,NA,NA,NA,NA,NA,NA,NA,NA,NA,NA,NA,NA,NA,NA,NA,NA,NA,NA,NA,NA,NA,NA,NA,NA,NA,NA,NA,NA,NA,NA,NA,NA,NA,NA
"80","1","    Total","NSAT1",829.9,833.4,965,983.3,1068.5,920.2,892.4,995.4,1064.3,859.1,758.4,808.5,866.8,829.7,893.8,969.3,1068.5,997.8,949.7,949,1213.1,902.1,778.5,987.4,621.8,774.4,927,931.3,861.2,935.1,905.7,959.2,896.9,794.5,729.2,834.6,757.2,880.5,998.5,895.1,966.9,1002.6,856,878.7,822.3,829,786.8,872,711.9,745.6,879.2,904.6,963.8,888.8,837.1,963.5,829.9,739.2,672.3,640.9,743.3,716.5,850.3,802.1,872.4,857.3,803.2,786,769,787.8,661.2,651.1,554.6,621.5,730.3,690.7,769.5,771.7,773.2,690.4,671.4,702,606.5,593.2,560.5,651.1,720.4,715.8,733.7,824.8,733.6,644.8,673.7,694.5,601,660.5,562.2,593.4,735.1,768.7,812.1,835.6,763.5,697.1,704,717.3,667.6,661.1,606.1,698.6,876.2,785.8,814.5,871.4,713.2,782.3,741.8,738,670.7,691.8,581.5,649.1,798.7,685.9,825.2,852.8,721.3,806.4,714.9,701.6,644.5,654.3,567,690.6,792.9,760.9,871.1,792.4,732.4,749.9,696.6,677.9,590.4,604.7,612.1,648.1,766.2,698.7,771.4,740.1,739.6,740.4,669,665.3,563.8,657.8,525.9,615.3,724.1,710.9,793.1,818.7,635.8,675.2,684.8,712.4,562.1,683.8,546,670.6,788,736.7,830.1,831.6,771,798.7,715.9,688.5,639.4,680,621.8,769,836,774.7,833.8,841.2,744.2,806.1,747.9,665.4,601.3,610.7,591.7,701.3,789.3,689.7,814.6,811.1,666.8,726.6,640.2,813.4,603,574.4,526,624.8,742.4,717.6,758.4,761.3,740.7,829.7,602.1,604.7,570.6,624.9
"81","2","      Domestic","NSAD1",628,645.3,768.9,788.3,807.6,676.7,633.5,744.8,839.4,598.4,515.8,558,635.9,613.4,649.4,719.6,786.3,736.3,648.7,673.3,924.9,632.8,521.1,673.3,427.8,558.1,683.4,693.8,622.3,656.7,611,654,613.2,523.9,486,550.7,531.2,649.1,733.7,651.6,702,722.4,605.3,603,578.8,591.7,553.8,616.8,512.1,553.6,641.7,667.4,710.5,640.7,603.4,685.4,609.7,524.2,473.6,455.8,546.8,533.6,625.8,598.8,644.3,635.1,595.8,571.5,584.8,598.1,485.8,476.5,421.1,479,545,510.1,581.1,592.7,585.3,503.1,498.2,526.2,457.6,437.5,417.3,497.1,541,545.7,565.1,635.3,573.1,483,515.6,537.1,464.7,501.6,435.8,466.2,581.5,607.1,639.5,671.3,598.9,537.3,554.1,581.5,538.4,522.4,488.5,573.3,700.5,637.5,661.4,702.6,562.9,603.8,599.9,605.4,553.4,566,471.9,531.7,654.6,562.2,674,702.2,593.7,658.7,592.9,593.3,544,549.6,479.1,596,674.3,657.1,753.4,677.2,623.6,620.7,592.8,575.8,495.7,508,512.9,549.9,641.3,592.5,653,625.1,615.7,600.6,553.4,556.4,468.6,536.8,432.4,510.9,604,597.9,669.6,694.1,510.1,539.4,583.6,598.9,464.5,558.5,443.9,556.6,645.8,602.1,671.3,677.6,608.5,639.2,573.9,532.7,498,532.1,482.8,609.3,654.4,605.5,653.1,655.8,566.9,614.7,575.6,512.4,456.1,446.2,449.4,550.9,602.5,519.7,623.3,620.9,492,525.5,481.3,627,437,393.2,365.3,456.2,539.2,531,559.5,566,539.8,605.7,431.5,442.1,399,442.3
"82","3","      Foreign","NSAF1",201.9,188.1,196.1,195,260.9,243.5,258.9,250.6,224.9,260.7,242.6,250.5,230.9,216.3,244.4,249.7,282.2,261.5,301,275.7,288.2,269.3,257.4,314.1,194,216.3,243.6,237.5,238.9,278.4,294.7,305.2,283.7,270.6,243.2,283.9,226,231.4,264.8,243.5,264.9,280.2,250.7,275.7,243.5,237.3,233,255.2,199.8,192,237.5,237.2,253.3,248.1,233.7,278.1,220.2,215,198.7,185.1,196.5,182.9,224.5,203.3,228.1,222.2,207.4,214.5,184.2,189.7,175.4,174.6,133.5,142.5,185.3,180.6,188.4,179,187.9,187.3,173.2,175.8,148.9,155.7,143.2,154,179.4,170.1,168.6,189.5,160.5,161.8,158.1,157.4,136.3,158.9,126.4,127.2,153.6,161.6,172.6,164.3,164.6,159.8,149.9,135.8,129.2,138.7,117.6,125.3,175.7,148.3,153.1,168.8,150.3,178.5,141.9,132.6,117.3,125.8,109.6,117.4,144.1,123.7,151.2,150.6,127.6,147.7,122,108.3,100.5,104.7,87.9,94.6,118.6,103.8,117.7,115.2,108.8,129.2,103.8,102.1,94.7,96.7,99.2,98.2,124.9,106.2,118.4,115,123.9,139.8,115.6,108.9,95.2,121,93.5,104.4,120.1,113,123.5,124.6,125.7,135.8,101.2,113.5,97.6,125.3,102.1,114,142.2,134.6,158.8,154,162.5,159.5,142,155.8,141.4,147.9,139,159.7,181.6,169.2,180.7,185.4,177.3,191.4,172.3,153,145.2,164.5,142.3,150.4,186.8,170,191.3,190.2,174.8,201.1,158.9,186.4,166,181.2,160.7,168.6,203.2,186.6,198.9,195.3,200.9,224,170.6,162.6,171.6,182.6
"83",NA,"  Seasonally adjusted at annual rates (Millions):"," ",NA,NA,NA,NA,NA,NA,NA,NA,NA,NA,NA,NA,NA,NA,NA,NA,NA,NA,NA,NA,NA,NA,NA,NA,NA,NA,NA,NA,NA,NA,NA,NA,NA,NA,NA,NA,NA,NA,NA,NA,NA,NA,NA,NA,NA,NA,NA,NA,NA,NA,NA,NA,NA,NA,NA,NA,NA,NA,NA,NA,NA,NA,NA,NA,NA,NA,NA,NA,NA,NA,NA,NA,NA,NA,NA,NA,NA,NA,NA,NA,NA,NA,NA,NA,NA,NA,NA,NA,NA,NA,NA,NA,NA,NA,NA,NA,NA,NA,NA,NA,NA,NA,NA,NA,NA,NA,NA,NA,NA,NA,NA,NA,NA,NA,NA,NA,NA,NA,NA,NA,NA,NA,NA,NA,NA,NA,NA,NA,NA,NA,NA,NA,NA,NA,NA,NA,NA,NA,NA,NA,NA,NA,NA,NA,NA,NA,NA,NA,NA,NA,NA,NA,NA,NA,NA,NA,NA,NA,NA,NA,NA,NA,NA,NA,NA,NA,NA,NA,NA,NA,NA,NA,NA,NA,NA,NA,NA,NA,NA,NA,NA,NA,NA,NA,NA,NA,NA,NA,NA,NA,NA,NA,NA,NA,NA,NA,NA,NA,NA,NA,NA,NA,NA,NA,NA,NA,NA,NA,NA,NA,NA,NA,NA,NA,NA,NA
"84","4","    Total","SAART3",10.758,10.839,10.745,10.942,11.079,10.428,10.371,12.24,14.148,9.48,9.828,10.88,11.463,10.798,9.878,11.002,11.323,11.169,10.834,12.041,15.051,10.258,10.274,12.777,8.37,10.204,10.339,10.365,9.663,10.27,10.52,11.762,11.128,9.236,9.549,10.642,10.902,11.144,10.825,10.401,10.549,10.77,10.362,10.289,9.96,9.888,10.158,11.298,10.087,9.844,9.694,10.727,10.267,9.516,9.734,11.087,10.345,8.766,8.536,8.719,10.42,9.479,9.513,9.405,9.129,9.225,9.143,9.192,9.659,9.155,8.601,8.681,7.751,8.181,8.555,7.867,8.191,8.321,8.553,8.206,8.327,8.053,8.195,7.9,8.109,8.374,8.186,7.894,8.242,8.579,8.167,7.881,8.187,8.281,8.139,8.532,8.31,7.815,8.014,8.811,8.775,8.703,8.691,8.113,8.276,9.036,8.937,8.733,8.985,9.171,9.12,9.477,8.595,8.787,8.668,8.926,8.879,9.1,9.127,9.05,8.412,8.46,8.71,8.156,8.513,8.822,8.378,8.997,8.845,8.533,8.75,9.063,8.081,8.654,9.068,8.693,9.096,8.526,8.365,8.53,8.616,8.133,8.348,8.215,8.709,8.32,8.476,8.06,8.018,7.82,8.398,8.612,7.992,8.094,8.08,8.694,7.502,7.906,7.968,8.146,8.624,8.446,7.342,7.614,8.355,8.76,7.998,9.051,8.102,8.565,8.436,8.549,8.8,8.695,8.851,8.929,8.62,8.855,8.899,9.059,9.44,9.656,9.038,8.991,8.889,8.812,8.653,8.623,9.01,8.731,8.336,8.05,8.782,8.956,8.317,8.371,8.363,8.394,7.934,7.806,7.802,10.46,8.422,7.458,7.719,8.062,8.106,8.481,7.877,8.095,8.664,8.612,7.961,7.612,7.898,8.142
"85","5","      Domestic","SAARD3",8.244,8.308,8.38,8.474,8.227,7.651,7.532,9.412,11.239,6.462,6.772,7.754,8.498,7.836,6.928,7.844,8.192,8.176,7.608,8.808,11.519,7.1,6.99,9.08,5.846,7.184,7.403,7.423,6.853,7.172,7.274,8.266,7.706,6.025,6.419,7.398,7.772,7.981,7.778,7.31,7.548,7.717,7.456,7.3,7.051,6.966,7.267,8.326,7.357,7.12,6.93,7.692,7.466,6.797,7.048,8.152,7.693,6.17,6.074,6.438,7.786,6.881,6.884,6.866,6.692,6.748,6.779,6.877,7.408,6.928,6.367,6.547,5.981,6.158,6.319,5.724,6.104,6.277,6.463,6.167,6.204,6.019,6.228,5.998,6.095,6.242,6.164,5.966,6.275,6.51,6.379,6.058,6.325,6.392,6.284,6.628,6.49,6.031,6.326,6.883,6.838,6.938,6.847,6.407,6.541,7.286,7.216,7.007,7.264,7.42,7.312,7.604,6.899,7.034,6.839,7.067,7.186,7.415,7.543,7.48,6.854,6.845,7.145,6.628,6.881,7.2,6.91,7.487,7.386,7.145,7.39,7.678,6.871,7.414,7.717,7.456,7.829,7.224,7.151,7.212,7.312,6.874,7.042,6.944,7.361,6.994,7.072,6.792,6.76,6.516,7.043,7.114,6.6,6.732,6.73,7.164,6.25,6.5,6.612,6.808,7.228,7.086,5.95,6.172,7.12,7.342,6.608,7.495,6.67,7.042,6.894,6.955,7.019,7.001,7.081,7.231,6.906,6.786,6.985,7.212,7.402,7.586,7.063,6.97,6.88,6.79,6.63,6.679,6.941,6.661,6.388,6.005,6.746,6.954,6.342,6.253,6.33,6.33,5.911,5.735,5.854,7.987,6.21,5.219,5.44,5.8,5.864,6.248,5.748,5.839,6.352,6.38,5.662,5.58,5.654,5.888
"86","6","      Foreign","SAARF3",2.514,2.531,2.365,2.468,2.852,2.777,2.839,2.828,2.909,3.018,3.056,3.126,2.965,2.962,2.95,3.158,3.131,2.993,3.226,3.233,3.532,3.158,3.284,3.697,2.524,3.02,2.936,2.942,2.81,3.098,3.246,3.496,3.422,3.211,3.13,3.244,3.13,3.163,3.047,3.091,3.001,3.053,2.906,2.989,2.909,2.922,2.891,2.972,2.73,2.724,2.764,3.035,2.801,2.719,2.686,2.935,2.652,2.596,2.462,2.281,2.634,2.598,2.629,2.539,2.437,2.477,2.364,2.315,2.251,2.227,2.234,2.134,1.77,2.023,2.236,2.143,2.087,2.044,2.09,2.039,2.123,2.034,1.967,1.902,2.014,2.132,2.022,1.928,1.967,2.069,1.788,1.823,1.862,1.889,1.855,1.904,1.82,1.784,1.688,1.928,1.937,1.765,1.844,1.706,1.735,1.75,1.721,1.726,1.721,1.751,1.808,1.873,1.696,1.753,1.829,1.859,1.693,1.685,1.584,1.57,1.558,1.615,1.565,1.528,1.632,1.622,1.468,1.51,1.459,1.388,1.36,1.385,1.21,1.24,1.351,1.237,1.267,1.302,1.214,1.318,1.304,1.259,1.306,1.271,1.348,1.326,1.404,1.268,1.258,1.304,1.355,1.498,1.392,1.362,1.35,1.53,1.252,1.406,1.356,1.338,1.396,1.36,1.392,1.442,1.235,1.418,1.39,1.556,1.432,1.523,1.542,1.594,1.781,1.694,1.77,1.698,1.714,2.069,1.914,1.847,2.038,2.07,1.975,2.021,2.009,2.022,2.023,1.944,2.069,2.07,1.948,2.045,2.036,2.002,1.975,2.118,2.033,2.064,2.023,2.071,1.948,2.473,2.212,2.239,2.279,2.262,2.242,2.233,2.129,2.256,2.312,2.232,2.299,2.032,2.244,2.254
"87","7","      Domestic sales, FRB estimate","FRBSAL3",8.43,8.23,8.9,8.47,8.26,7.78,7.47,9.19,9.62,7.3,7.48,7.46,8.54,7.77,7,7.9,8.39,7.97,7.77,8.52,10.53,7.99,6.879,9.1,5.88,6.97,7.45,7.32,7,7.04,7.32,7.67,7.22,6.92,6.89,6.99,7.7,7.37,7.74,7.48,7.52,7.5,7.75,6.86,6.98,7.7,7.93,8.05,7.08,7.17,6.99,7.37,7.3,7.1,7.09,7.62,7.37,6.85,6.48,6.34,7.78,6.85,6.84,6.8,6.7,6.9,6.85,6.86,7.45,6.93,6.33,6.56,5.89,6.133,6.154,5.908,6.089,6.273,6.437,6.243,6.268,6.149,6.259,5.882,6.055,6.193,6.101,5.891,6.199,6.676,6.455,6.022,6.331,6.466,6.348,6.597,6.424,5.95,6.247,6.927,6.787,6.926,6.884,6.721,6.538,7.33,7.29,7.045,7.018,7.331,7.278,7.607,7.083,6.891,6.895,7.193,7.36,7.382,7.388,7.499,6.872,6.862,7.16,6.642,6.896,7.215,6.923,7.501,7.384,7.129,7.367,7.645,6.806,7.35,7.649,7.383,7.759,7.156,7.072,7.129,7.224,6.789,6.958,6.86,7.337,6.975,7.057,6.775,6.745,6.497,7.02,7.125,6.564,6.685,6.671,6.739,6.553,6.445,6.558,6.753,7.176,7.028,5.884,6.102,7.055,7.267,6.507,7.387,6.616,6.979,6.836,6.912,6.983,6.953,7.028,7.163,6.842,6.72,6.904,7.129,7.283,7.502,7.001,6.872,6.842,6.72,6.575,6.656,6.873,6.526,6.3,5.963,6.645,6.902,6.248,6.139,6.269,6.322,5.846,5.7,5.807,8.026,6.184,5.074,5.342,5.712,5.789,6.168,5.669,5.82,6.26,6.279,5.582,5.487,5.573,5.799
"88",NA,"  New unit sales by sector (Thousands, SAAR)"," ",NA,NA,NA,NA,NA,NA,NA,NA,NA,NA,NA,NA,NA,NA,NA,NA,NA,NA,NA,NA,NA,NA,NA,NA,NA,NA,NA,NA,NA,NA,NA,NA,NA,NA,NA,NA,NA,NA,NA,NA,NA,NA,NA,NA,NA,NA,NA,NA,NA,NA,NA,NA,NA,NA,NA,NA,NA,NA,NA,NA,NA,NA,NA,NA,NA,NA,NA,NA,NA,NA,NA,NA,NA,NA,NA,NA,NA,NA,NA,NA,NA,NA,NA,NA,NA,NA,NA,NA,NA,NA,NA,NA,NA,NA,NA,NA,NA,NA,NA,NA,NA,NA,NA,NA,NA,NA,NA,NA,NA,NA,NA,NA,NA,NA,NA,NA,NA,NA,NA,NA,NA,NA,NA,NA,NA,NA,NA,NA,NA,NA,NA,NA,NA,NA,NA,NA,NA,NA,NA,NA,NA,NA,NA,NA,NA,NA,NA,NA,NA,NA,NA,NA,NA,NA,NA,NA,NA,NA,NA,NA,NA,NA,NA,NA,NA,NA,NA,NA,NA,NA,NA,NA,NA,NA,NA,NA,NA,NA,NA,NA,NA,NA,NA,NA,NA,NA,NA,NA,NA,NA,NA,NA,NA,NA,NA,NA,NA,NA,NA,NA,NA,NA,NA,NA,NA,NA,NA,NA,NA,NA,NA,NA,NA,NA,NA,NA
"89","8","    Business","AUTO351",3675.4,3779.3,3773.4,3734.3,3851.3,3716.2,3555.2,4206.8,4632.4,3214.9,3408.1,3502.9,3657.4,3728.5,3448.8,3739.8,3758.5,3796.4,3617.6,3996.1,4296.5,2811.2,3885.2,3672.7,2764.4,3647.8,3411.9,3446.2,3336.6,3407.9,3446.2,3846.9,3590.3,3126.5,3357.3,3610.1,3566.8,3824.5,3636.5,3559.6,3686.8,3786.9,3624.9,3751.7,3644.8,3458.3,3432,4051.8,3167.6,3376,3321.5,3659.4,4083.8,3191.3,3141.2,3619.7,3581.3,3117.6,3035.8,3050.7,3499.4,3307.1,3332.8,3294.7,3386.2,3381,3295.7,3579.7,3974.6,3638.1,3336.1,3699.3,3770.9,3556.7,3430.4,3171.7,4017.2,3700.2,3847.9,3865.3,3781.2,3578.4,3634,3420.2,3280.6,3579,3447,3366.7,3510.9,3971.2,3559,3308.8,3434.3,3543.8,3557.7,3793.8,3549.5,3222.5,3499.4,3907.6,3850.1,4014.7,3784.4,3354.1,3421.6,3756.4,3797.2,3903.9,4081.6,4273.6,4123.9,4304.3,3920.5,4069.6,3883.8,4236.5,4235.2,4271.8,4350.4,4446.7,4061,4097.3,4174.8,3716.3,3953.1,4161.6,3952,4357.5,4265,4042.5,4038.9,4014.6,3770.3,4070.6,4375.8,4365.7,4478.2,4305.6,4248.3,4441.9,4586.2,4031.3,4250.2,3747.8,4318.5,4217.7,4387,4340.2,3972.3,4073.5,4286.9,4288.8,3857.6,3980.3,3971.7,4302.4,3616.6,3879.5,4008.9,3762.3,4198.5,4097.7,3443.7,3571.8,4008.6,4426.8,3933.5,4368.4,3967,4159.4,3905.1,4080.5,4189.2,3968.3,4243,4159.3,4080.5,3874.9,4105.1,4182.5,4337.5,4444.1,3989.7,4004.5,3868,3915.3,3758.5,3795.6,4040.2,3928.2,3782.3,3538.5,4010.7,4021.4,3644.3,3848.8,3853.2,3628.8,3554.8,3355.7,3445.2,3860.1,2894.2,2724.6,2768.5,3235.3,3476.9,3625.3,3398.6,3546.3,3710.1,3571.4,3251.2,3227.1,3337.4,3341.4
"90","9","    Government","ZZZZZZ1",NA,NA,NA,NA,NA,NA,NA,NA,NA,NA,NA,NA,NA,NA,NA,NA,NA,NA,NA,NA,NA,NA,NA,NA,NA,NA,NA,NA,NA,NA,NA,NA,NA,NA,NA,NA,NA,NA,NA,NA,NA,NA,NA,NA,NA,NA,NA,NA,NA,NA,NA,NA,NA,NA,NA,NA,NA,NA,NA,NA,NA,NA,NA,NA,NA,NA,NA,NA,NA,NA,NA,NA,NA,NA,NA,NA,NA,NA,NA,NA,NA,NA,NA,NA,NA,NA,NA,NA,NA,NA,NA,NA,NA,NA,NA,NA,NA,NA,NA,NA,NA,NA,NA,NA,NA,NA,NA,NA,NA,NA,NA,NA,NA,NA,NA,NA,NA,NA,NA,NA,NA,NA,NA,NA,NA,NA,NA,NA,NA,NA,NA,NA,NA,NA,NA,NA,NA,NA,NA,NA,NA,NA,NA,NA,NA,NA,NA,NA,NA,NA,NA,NA,NA,NA,NA,NA,NA,NA,NA,NA,NA,NA,NA,NA,NA,NA,NA,NA,NA,NA,NA,NA,NA,NA,NA,NA,NA,NA,NA,NA,NA,NA,NA,NA,NA,NA,NA,NA,NA,NA,NA,NA,NA,NA,NA,NA,NA,NA,NA,NA,NA,NA,NA,NA,NA,NA,NA,NA,NA,NA,NA,NA,NA,NA,NA,NA
"91","10","    Consumer","AUTO401",6907.4,6920.4,6831.5,7064.8,7093.6,6592.5,6696.1,7924.8,9388.9,6129.4,6310.2,7239.8,7543.4,6921.4,6358.3,7160.9,7461.5,7269.7,7110,7934.7,10635.3,7322.3,6234.5,8994,5495.7,6443.7,6797.9,6796.4,6171.4,6715.7,6926.4,7817.9,7406.5,5973.3,6064.3,6892.1,7208.9,7119.3,7051.3,6719.2,6767.6,6861.1,6619.7,6407.2,6202.3,6308.1,6589.5,7096.2,6777,6340,6252.1,6927.9,6004.6,6180,6470,7339.4,6625.5,5543.5,5421,5568.5,6806.2,6047.1,5992.1,5924.1,5684.9,5719.8,5742.6,5477,5547.5,5307.3,5047.8,4822.5,3815.4,4444.5,5015.1,4590.7,4083.3,4535.4,4593,4252.4,4479,4410.9,4474,4397.9,4730,4719.4,4620.9,4371.1,4600.8,4489,4478.4,4448.6,4614,4622.6,4477.6,4617.4,4596.9,4365.1,4289.1,4707.8,4728,4462.5,4690.5,4568,4659.8,5112,4983.8,4713.2,4728.5,4695,4775,4978.9,4469.4,4482.7,4546.1,4473.7,4402.5,4585.4,4566.3,4495.3,4159.3,4213.4,4322.3,4113.4,4324,4425.5,4217.8,4408.2,4365.5,4288.1,4428.7,4644.1,4051,4322.7,4456,4162.2,4420.6,4051.5,3945,3876.8,3877.2,3894.1,3876.8,4014.6,4126,3881.8,3916.4,3579,3813.1,3564,3971.1,4134.4,3894.4,3820.1,3937.2,4252,3715.2,3815.2,3794.7,4034.1,4224.1,4136.9,3695.7,3894.5,4062.1,4077,3837.9,4482.3,3968.2,4187.2,4261.9,4241.4,4453.7,4511,4391.2,4519,4362.7,4577.9,4536.1,4650.6,4897.5,5018.3,4852.9,4778.7,4813.2,4683.6,4661.9,4567.5,4658.1,4664.3,4392.8,4147.2,4600.2,4773,4477.8,4308.7,4251.3,4511.7,4098.2,4188.5,4136.7,6413.1,5309.3,4484.2,4665.4,4659.2,4477.4,4684.6,4307.8,4338.4,4730.3,4882.8,4484.6,4169.9,4319.3,4556.8
"92","11","  Final sales to consumers, percent of total dollar value","ALLO032",66.87,66.53,66.44,67.43,66.89,65.85,67.42,67.49,68.89,67.4,67.09,69.42,69.23,67.11,66.67,67.47,68.52,68.04,68.44,68.59,72.95,74.2,64.23,72.96,67.04,64.63,66.97,66.78,64.3,66.62,67.19,67.64,67.84,66.08,64.82,65.59,67.66,65.77,67.08,66.42,65.89,65.62,65.77,64.43,64.26,65.83,66.5,64.53,68.8,66.26,66.35,66.28,60.71,66.73,68.16,67.83,65.89,65.31,65.44,65.71,68.17,66.74,66.02,66.14,65.24,64.96,65.64,62.75,60.79,61.19,61.99,59.46,52.64,57.4,61.42,61.07,53.35,57.61,56.84,55.09,56.72,57.66,57.2,58.32,60.92,59.06,59.2,58.18,58.63,55.48,57.46,58.92,58.59,58.08,57.27,56.27,57.65,58.39,56.23,56.12,56.39,54.13,56.7,58.78,58.87,58.82,58,56.43,55.19,53.99,55.11,55.2,54.83,53.94,55.43,53.13,52.54,53.35,52.93,52.49,52.35,52.55,52.64,53.72,53.83,53.08,53.13,51.96,52.37,53.09,53.87,54.62,53.69,53.43,52.66,51.37,52.08,51.24,51.03,49.83,49.23,51.91,50.75,53.57,51.77,51.42,50.75,48.89,51.9,50.22,51.3,52.3,53.16,52.33,53.3,53.22,53.85,52.73,51.89,54.01,52.81,52.72,54.11,54.4,52.11,50.1,51.42,52.45,51.84,51.77,53.35,52.35,53.02,54.22,52.17,53.02,52.74,54.51,53.15,53.49,53.21,53.16,54.67,54.18,55,54.11,54.76,53.97,52.85,53.87,53.18,52.9,52.47,53.24,53.8,51.75,51.25,53.71,51.9,53.54,52.65,59.83,61.54,58.9,58.97,56.02,53.62,53.64,53.12,52.13,53.06,54.77,54.61,53.3,53.22,54.38
"93",NA,"  Addenda:"," ",NA,NA,NA,NA,NA,NA,NA,NA,NA,NA,NA,NA,NA,NA,NA,NA,NA,NA,NA,NA,NA,NA,NA,NA,NA,NA,NA,NA,NA,NA,NA,NA,NA,NA,NA,NA,NA,NA,NA,NA,NA,NA,NA,NA,NA,NA,NA,NA,NA,NA,NA,NA,NA,NA,NA,NA,NA,NA,NA,NA,NA,NA,NA,NA,NA,NA,NA,NA,NA,NA,NA,NA,NA,NA,NA,NA,NA,NA,NA,NA,NA,NA,NA,NA,NA,NA,NA,NA,NA,NA,NA,NA,NA,NA,NA,NA,NA,NA,NA,NA,NA,NA,NA,NA,NA,NA,NA,NA,NA,NA,NA,NA,NA,NA,NA,NA,NA,NA,NA,NA,NA,NA,NA,NA,NA,NA,NA,NA,NA,NA,NA,NA,NA,NA,NA,NA,NA,NA,NA,NA,NA,NA,NA,NA,NA,NA,NA,NA,NA,NA,NA,NA,NA,NA,NA,NA,NA,NA,NA,NA,NA,NA,NA,NA,NA,NA,NA,NA,NA,NA,NA,NA,NA,NA,NA,NA,NA,NA,NA,NA,NA,NA,NA,NA,NA,NA,NA,NA,NA,NA,NA,NA,NA,NA,NA,NA,NA,NA,NA,NA,NA,NA,NA,NA,NA,NA,NA,NA,NA,NA,NA,NA,NA,NA,NA,NA
"94","12","    Unit truck sales, not seasonally adjusted","T11",366.7,377.2,426,397,430.4,412.7,445.2,350.4,399.2,384.1,362.5,390.3,347,352.5,403.8,420.8,461.8,428.7,428.3,395.1,520.5,368.5,341.4,443.7,297.1,374,454.7,454,437.3,484.5,450.1,441.4,403.6,398.7,381.5,414.6,365.3,428.3,506.5,438.4,488.5,480.5,446.8,438.3,400.9,420.9,404.3,413.2,372.3,381.7,458.4,450.2,474.6,440.4,442,478.4,433.9,377.7,375.3,371,418,356.9,444.9,424.2,459.7,448.8,441.2,410.9,375.8,381.2,339.3,336.1,284.7,306,372.8,368.9,404.5,403.6,412,372.6,390.8,345.6,325.6,368.3,307.3,337.4,408,429.1,436,472.2,424.6,420.4,421.7,437.7,387.6,410.2,353.1,382.7,493.8,504.8,530.1,547.5,503.4,461.7,460.6,465.2,473.3,491.6,439.4,472.3,596,552.1,567.6,608.2,506.3,547,510.3,553.8,527.2,527.1,449.1,479.7,603.5,528.7,601,623.6,533.2,557.7,498.9,523.6,523.6,547.2,483.2,546.9,610.7,597.7,651.1,611.1,584.3,583,534.2,618.1,555.3,546.2,502.2,528.7,658.6,610.8,663.9,614.2,636.5,607.2,568.8,616,581.7,629.2,517.9,557.1,680.6,679.1,749.8,787.4,628.1,589.1,628.8,692.9,613,692,575.9,653.7,790.5,713.4,801.2,819.4,757.4,724.3,724.9,707.4,677,759.1,616.9,769.4,875.7,763.5,829.8,820.8,723.7,775.2,757.5,701.5,660.2,659.3,603.9,679.9,838.4,687.3,820.2,840.7,707.6,751.1,672,939.4,744.6,761.2,604,703.9,798.8,754.3,780.1,802.7,811.3,905.2,648.9,726.3,657,842.8
"95","13","      14,000 lbs. GVW and under, domestic","T21",280.2,292.8,331,300.4,326.9,323.7,326.5,262.2,305.7,294.6,283.1,291.3,262.2,264.7,295,315,354.1,333.9,304,299.1,407.9,271.9,241.5,322.1,219.5,284.7,344.4,338.9,328,376.3,341.9,324.9,303,305.7,300.6,324.1,284.6,348.3,408,350.7,396.3,396.2,356.8,343.9,317.5,339.9,328.2,329.3,300.5,313.6,376.3,369.4,391.7,359.9,362.3,382.9,357.5,298.1,304.2,297.2,350.6,293.8,364,351.3,374.8,366.3,365.7,327.7,310.6,308.4,275.7,267.9,230.1,251.1,306.8,305.7,337.3,339.8,339,299.1,330.8,284.2,273.8,307.9,259.4,290.4,349.8,372.3,382.3,417.1,366.4,367.7,368.3,381.1,339.6,352.6,308.1,334.6,434.9,446.3,473.1,487.7,442.8,402.1,402,413.2,419.9,435.8,389.7,423.8,534.7,493.9,507.7,538.2,446.9,472.4,443.7,484.6,463.5,459.1,386,420.3,532.8,465.3,531.4,553.5,474.1,489.4,432.6,459.7,464.4,481.4,431.6,490,541.2,530.7,576.6,538.8,516.9,508.1,474.9,551.1,491.4,480.5,439.3,465.5,572.4,533,575.7,536.7,552.1,516.6,489.4,532.4,511.6,545.7,452,485.3,595.3,592.5,659.4,696.6,534.6,489.3,533.9,591.6,526,588.8,488.7,559.4,680.3,608.7,689.8,712.8,648.4,610,617.9,596.8,568.4,638.8,523.9,665,755.7,652,708.6,698.2,615.3,658.1,654.7,601.7,563.2,554.4,511.2,584.3,723.1,582.4,698.7,723.1,599.4,626.3,573.3,813.6,637.3,645.7,503.3,606.1,679.4,639.9,657.8,684.9,685.5,766.6,545.9,613.8,544.5,719.2
"96","14","      14,000 lbs. GVW and under, imports","T31",63.9,64.1,68.2,69.2,77.5,63.3,93.7,65.4,68.7,63.3,59.5,71.5,64,70.4,85.7,80.5,84.5,69.5,100.3,74.4,89.5,71.9,80.6,95.9,58.5,69.5,85.5,88,84.6,83.1,83.3,92.3,75.7,68.1,58.3,65.3,59.1,54.1,67.7,57.2,63.3,54.6,61.9,68.1,55.6,50.8,50.2,55.3,46.4,44.9,54.4,52.1,54.2,51.8,52.8,68.6,52.2,52.4,49.4,51.1,45.6,41.7,55.6,48.1,60.3,57.8,49.4,59.7,43.4,48.9,45.3,46.9,37.5,38,45.9,43.2,48.2,45.2,52,56,42.2,43.3,37,40.3,31.2,30.2,38,33.8,33.9,33.2,35.7,32.2,31.6,31.8,29.7,34.6,26.9,28.5,32.7,30.8,31.3,30.5,34.2,34.2,32.5,26.5,28.4,28,26.1,24.8,31.1,27.7,31.8,36.1,30.6,42.4,36.8,37.9,35,36,32.6,29.8,34,28.7,34.3,32.5,28.7,36.8,36.2,30.9,31.7,34.3,25.1,28.2,37.6,34.1,40.6,37.1,35.1,44.6,31.9,37.1,40.7,38.8,37.5,37,53.2,43.9,55.1,45.9,52.4,59.5,48.3,48.3,41.8,48.3,38.9,42.8,48.6,48.8,55.3,53.7,58.2,63.8,58.4,62.3,51.7,63.7,54.2,55.4,62.4,57.3,67.2,58.7,66.5,70.5,62.7,65.7,67.2,75.1,58.5,64.9,70.5,68,76,73.8,71.8,77.9,70.9,66.1,68.4,74,64.3,67.2,81,74.2,86.2,85.1,80.5,95.1,75.3,94.9,83.9,90.1,79.2,76.1,92.9,84.4,90.6,90.4,98.2,109.2,75.9,82.6,88.1,98.7
"97","15","      Over 14,001 lbs. GVW","T41",22.6,20.3,26.8,27.4,26,25.7,25,22.8,24.8,26.2,19.9,27.5,20.8,17.4,23.1,25.3,23.2,25.3,24,21.6,23.1,24.7,19.3,25.7,19.1,19.8,24.8,27.1,24.7,25.1,24.9,24.2,24.9,24.9,22.6,25.2,21.6,25.9,30.8,30.5,28.9,29.7,28.1,26.3,27.8,30.2,25.9,28.6,25.4,23.2,27.7,28.7,28.7,28.7,26.9,26.9,24.2,27.2,21.7,22.7,21.8,21.4,25.3,24.8,24.6,24.7,26.1,23.5,21.8,23.9,18.3,21.3,17.1,16.9,20.1,20,19,18.6,21,17.5,17.8,18.1,14.8,20.1,16.7,16.8,20.2,23,19.8,21.9,22.5,20.5,21.8,24.8,18.3,23,18.1,19.6,26.2,27.7,25.7,29.3,26.4,25.4,26.1,25.5,25,27.8,23.6,23.7,30.2,30.5,28.1,33.9,28.8,32.2,29.8,31.3,28.7,32,30.5,29.6,36.7,34.7,35.3,37.6,30.4,31.5,30.1,33,27.5,31.5,26.5,28.7,31.9,32.9,33.9,35.2,32.3,30.3,27.4,29.9,23.2,26.9,25.4,26.2,33,33.9,33.1,31.6,32,31.1,31.1,35.3,28.3,35.2,27,29,36.7,37.8,35.1,37.1,35.3,36,36.5,39,35.3,39.5,33,38.9,47.8,47.4,44.2,47.9,42.5,43.8,44.3,44.9,41.4,45.2,34.5,39.5,49.5,43.5,45.2,48.8,36.6,39.2,31.9,33.7,28.6,30.9,28.4,28.4,34.2,30.7,35.4,32.6,27.7,29.7,23.4,30.8,23.4,25.4,21.5,21.8,26.5,30,31.7,27.4,27.6,29.4,27.1,30,24.5,24.9
"98","16","    Unit truck sales, seasonally adjusted at annual rates","TEMD3",4.805,4.885,4.613,4.579,4.482,4.665,5.127,4.67,4.956,4.705,4.794,4.831,4.597,4.573,4.283,4.847,4.979,4.751,4.908,5.244,6.444,4.535,4.548,5.302,4.044,4.905,4.96,5.087,4.909,5.349,5.135,5.33,4.991,5.022,4.994,5.003,5.181,5.369,5.357,5.144,5.392,5.084,5.342,5.096,5.087,5.274,5.236,5.139,5.285,5.147,4.968,5.297,5,4.868,4.961,5.46,5.315,4.815,4.834,4.831,5.888,4.884,4.973,4.876,4.893,4.924,4.938,4.667,4.639,4.594,4.533,4.277,4.078,4.228,4.293,4.171,4.296,4.398,4.419,4.359,4.78,4.164,4.381,4.758,4.482,4.553,4.638,4.656,4.856,4.964,4.686,4.992,5.191,5.374,5.079,5.252,5.147,5.154,5.312,5.716,5.744,5.787,5.76,5.471,5.714,5.875,5.945,6.271,6.394,6.349,6.181,6.536,5.982,6.322,6.207,6.433,6.395,6.794,6.763,6.534,6.388,6.417,6.546,6.219,6.291,6.589,6.328,6.374,6.499,6.333,6.639,7.206,6.719,6.92,6.962,6.76,6.882,6.715,6.698,6.942,6.902,7.163,7.356,6.944,6.98,6.955,7.338,6.998,7.075,6.703,7.176,7.535,7.104,7.34,7.753,7.789,7.257,7.288,7.4,7.738,8.395,8.291,7.286,7.14,7.92,8.318,8.081,8.346,8.476,8.52,8.386,8.368,8.756,8.654,8.836,8.707,9.029,8.828,8.726,9.267,9.311,9.785,9.377,9.039,8.985,8.801,8.607,8.71,9.584,8.89,8.322,8.003,8.857,8.863,8.924,8.495,8.507,9.058,8.523,8.53,8.554,11.589,9.61,9.004,8.803,9.24,8.976,9.183,8.305,8.853,9.485,9.831,8.71,8.652,8.628,9.753
"99","17","      14,000 lbs. GVW and under, domestic","TEMF3",3.658,3.787,3.568,3.415,3.338,3.587,3.749,3.748,3.867,3.575,3.685,3.626,3.473,3.413,3.073,3.602,3.784,3.604,3.468,4.236,5.127,3.316,3.178,3.837,3.008,3.69,3.727,3.751,3.68,4.035,3.893,4.112,3.803,3.862,3.908,3.925,4.073,4.277,4.26,4.116,4.343,4.082,4.312,4.119,4.092,4.291,4.224,4.138,4.293,4.186,4.055,4.336,4.059,3.917,4.066,4.473,4.391,3.862,3.893,3.948,4.954,3.989,4.056,4.011,3.923,3.945,4.103,3.804,3.841,3.74,3.693,3.466,3.316,3.449,3.535,3.419,3.522,3.641,3.625,3.592,4.052,3.447,3.697,4.044,3.817,3.893,3.967,3.99,4.223,4.34,4.049,4.418,4.546,4.712,4.442,4.572,4.507,4.48,4.661,5.038,5.08,5.132,5.057,4.809,5.025,5.232,5.246,5.625,5.678,5.674,5.527,5.837,5.295,5.575,5.469,5.641,5.589,5.95,5.942,5.727,5.507,5.596,5.772,5.448,5.524,5.826,5.61,5.644,5.687,5.563,5.872,6.389,6.023,6.175,6.15,5.98,6.076,5.867,5.917,6.137,6.156,6.389,6.521,6.138,6.147,6.089,6.321,6.086,6.114,5.8,6.204,6.527,6.136,6.375,6.801,6.8,6.369,6.306,6.417,6.734,7.37,7.268,6.21,6.023,6.756,7.126,6.918,7.144,7.249,7.226,7.161,7.168,7.492,7.454,7.565,7.445,7.717,7.464,7.329,7.876,7.951,8.402,8.059,7.69,7.659,7.435,7.291,7.485,8.324,7.634,7.083,6.771,7.554,7.55,7.655,7.182,7.211,7.728,7.224,7.238,7.305,10.031,8.258,7.644,7.404,7.899,7.601,7.787,6.991,7.461,8.031,8.442,7.321,7.301,7.21,8.312
"100","18","      14,000 lbs. GVW and under, imports","TEMG3",0.849,0.806,0.736,0.867,0.853,0.785,1.102,0.645,0.794,0.832,0.82,0.881,0.845,0.915,0.949,0.975,0.931,0.864,1.169,0.733,1.043,0.942,1.093,1.168,0.777,0.936,0.951,1.051,0.94,1.036,0.959,0.912,0.889,0.877,0.77,0.787,0.795,0.751,0.763,0.684,0.714,0.673,0.701,0.67,0.658,0.636,0.656,0.662,0.637,0.638,0.613,0.635,0.616,0.632,0.589,0.674,0.625,0.642,0.639,0.606,0.636,0.598,0.634,0.593,0.691,0.697,0.543,0.586,0.525,0.588,0.583,0.555,0.529,0.545,0.526,0.539,0.557,0.543,0.564,0.554,0.511,0.515,0.472,0.476,0.441,0.431,0.439,0.426,0.395,0.398,0.384,0.321,0.381,0.375,0.377,0.41,0.376,0.403,0.366,0.386,0.357,0.353,0.395,0.354,0.375,0.335,0.356,0.321,0.372,0.349,0.327,0.366,0.359,0.401,0.385,0.422,0.443,0.467,0.431,0.419,0.443,0.417,0.383,0.373,0.379,0.375,0.344,0.368,0.433,0.379,0.399,0.417,0.333,0.373,0.447,0.426,0.437,0.456,0.407,0.447,0.396,0.438,0.515,0.472,0.483,0.511,0.645,0.548,0.59,0.559,0.598,0.625,0.583,0.57,0.548,0.574,0.499,0.589,0.579,0.602,0.617,0.63,0.663,0.679,0.713,0.74,0.676,0.736,0.728,0.763,0.725,0.693,0.759,0.693,0.754,0.742,0.766,0.819,0.849,0.862,0.839,0.861,0.797,0.852,0.851,0.847,0.851,0.783,0.851,0.859,0.864,0.84,0.902,0.92,0.889,0.972,0.924,0.971,0.959,0.96,0.941,1.213,1.045,1.042,1.097,1.043,1.071,1.07,0.973,1.073,1.133,1.047,1.041,1.013,1.09,1.146
"101","19","      Over 14,001 lbs. GVW","TEMH3",0.298,0.292,0.309,0.297,0.291,0.293,0.276,0.277,0.295,0.298,0.289,0.324,0.279,0.245,0.261,0.27,0.264,0.283,0.271,0.275,0.274,0.277,0.277,0.297,0.259,0.279,0.282,0.285,0.289,0.278,0.283,0.306,0.299,0.283,0.316,0.291,0.313,0.341,0.334,0.344,0.335,0.329,0.329,0.307,0.337,0.347,0.356,0.339,0.355,0.323,0.3,0.326,0.325,0.319,0.306,0.313,0.299,0.311,0.302,0.277,0.298,0.297,0.283,0.272,0.279,0.282,0.292,0.277,0.273,0.266,0.257,0.256,0.233,0.234,0.232,0.213,0.217,0.214,0.23,0.213,0.217,0.202,0.212,0.238,0.224,0.229,0.232,0.24,0.238,0.226,0.253,0.253,0.264,0.287,0.26,0.27,0.264,0.271,0.285,0.292,0.307,0.302,0.308,0.308,0.314,0.308,0.343,0.325,0.344,0.326,0.327,0.333,0.328,0.346,0.353,0.37,0.363,0.377,0.39,0.388,0.438,0.404,0.391,0.398,0.388,0.388,0.374,0.362,0.379,0.391,0.368,0.4,0.363,0.372,0.365,0.354,0.369,0.392,0.374,0.358,0.35,0.336,0.32,0.334,0.35,0.355,0.372,0.364,0.371,0.344,0.374,0.383,0.385,0.395,0.404,0.415,0.389,0.393,0.404,0.402,0.408,0.393,0.413,0.438,0.451,0.452,0.487,0.466,0.499,0.531,0.5,0.507,0.505,0.507,0.517,0.52,0.546,0.545,0.548,0.529,0.521,0.522,0.521,0.497,0.476,0.518,0.465,0.441,0.409,0.397,0.375,0.391,0.401,0.393,0.38,0.341,0.373,0.36,0.34,0.332,0.309,0.346,0.306,0.318,0.302,0.298,0.305,0.326,0.341,0.319,0.321,0.341,0.347,0.338,0.328,0.295
"102","20","    Unit sales of light trucks to consumers (Thousands, SAAR)","LTCSAL1",NA,NA,NA,NA,NA,NA,NA,NA,NA,NA,NA,NA,NA,NA,NA,NA,NA,NA,NA,NA,NA,NA,NA,NA,NA,NA,NA,NA,NA,NA,NA,NA,NA,NA,NA,NA,NA,NA,NA,NA,NA,NA,NA,NA,NA,NA,NA,NA,NA,NA,NA,NA,NA,NA,NA,NA,NA,NA,NA,NA,NA,NA,NA,NA,NA,NA,NA,NA,NA,NA,NA,NA,NA,NA,NA,NA,NA,NA,NA,NA,NA,NA,NA,NA,NA,NA,NA,NA,NA,NA,NA,NA,NA,NA,NA,NA,NA,NA,NA,NA,NA,NA,NA,NA,NA,NA,NA,NA,NA,NA,NA,NA,NA,NA,NA,NA,NA,NA,NA,NA,NA,NA,NA,NA,NA,NA,NA,NA,NA,NA,NA,NA,NA,NA,NA,NA,NA,NA,NA,NA,NA,NA,NA,NA,NA,NA,NA,NA,NA,NA,NA,NA,NA,NA,NA,NA,NA,NA,NA,NA,NA,NA,NA,NA,NA,NA,NA,NA,NA,NA,NA,NA,NA,NA,NA,NA,NA,NA,NA,NA,NA,NA,NA,NA,NA,NA,NA,NA,NA,NA,NA,NA,NA,NA,NA,NA,NA,NA,NA,NA,NA,NA,NA,NA,5608.4,5753.5,5553.1,5563.6,5035.7,5344,5945.1,6244.2,5281.9,5282,5268.9,6284
"103","21","    Overall average expenditure per light truck","LTAVGV0",NA,NA,NA,NA,NA,NA,NA,NA,NA,NA,NA,NA,NA,NA,NA,NA,NA,NA,NA,NA,NA,NA,NA,NA,NA,NA,NA,NA,NA,NA,NA,NA,NA,NA,NA,NA,NA,NA,NA,NA,NA,NA,NA,NA,NA,NA,NA,NA,NA,NA,NA,NA,NA,NA,NA,NA,NA,NA,NA,NA,NA,NA,NA,NA,NA,NA,NA,NA,NA,NA,NA,NA,NA,NA,NA,NA,NA,NA,NA,NA,NA,NA,NA,NA,NA,NA,NA,NA,NA,NA,NA,NA,NA,NA,NA,NA,NA,NA,NA,NA,NA,NA,NA,NA,NA,NA,NA,NA,NA,NA,NA,NA,NA,NA,NA,NA,NA,NA,NA,NA,NA,NA,NA,NA,NA,NA,NA,NA,NA,NA,NA,NA,NA,NA,NA,NA,NA,NA,NA,NA,NA,NA,NA,NA,NA,NA,NA,NA,NA,NA,NA,NA,NA,NA,NA,NA,NA,NA,NA,NA,NA,NA,NA,NA,NA,NA,NA,NA,NA,NA,NA,NA,NA,NA,NA,NA,NA,NA,NA,NA,NA,NA,NA,NA,NA,NA,NA,NA,NA,NA,NA,NA,NA,NA,NA,NA,NA,NA,NA,NA,NA,NA,NA,NA,26371,26030,26046,25884,25592,25797,26320,26906,26504,26377,26110,26142
"104","22","    Average consumer expenditure per light truck","LTCONV0",NA,NA,NA,NA,NA,NA,NA,NA,NA,NA,NA,NA,NA,NA,NA,NA,NA,NA,NA,NA,NA,NA,NA,NA,NA,NA,NA,NA,NA,NA,NA,NA,NA,NA,NA,NA,NA,NA,NA,NA,NA,NA,NA,NA,NA,NA,NA,NA,NA,NA,NA,NA,NA,NA,NA,NA,NA,NA,NA,NA,NA,NA,NA,NA,NA,NA,NA,NA,NA,NA,NA,NA,NA,NA,NA,NA,NA,NA,NA,NA,NA,NA,NA,NA,NA,NA,NA,NA,NA,NA,NA,NA,NA,NA,NA,NA,NA,NA,NA,NA,NA,NA,NA,NA,NA,NA,NA,NA,NA,NA,NA,NA,NA,NA,NA,NA,NA,NA,NA,NA,NA,NA,NA,NA,NA,NA,NA,NA,NA,NA,NA,NA,NA,NA,NA,NA,NA,NA,NA,NA,NA,NA,NA,NA,NA,NA,NA,NA,NA,NA,NA,NA,NA,NA,NA,NA,NA,NA,NA,NA,NA,NA,NA,NA,NA,NA,NA,NA,NA,NA,NA,NA,NA,NA,NA,NA,NA,NA,NA,NA,NA,NA,NA,NA,NA,NA,NA,NA,NA,NA,NA,NA,NA,NA,NA,NA,NA,NA,NA,NA,NA,NA,NA,NA,26182,25932,26040,25957,25735,26004,26573,27196,26828,26717,26460,26466
"105",NA,"Unit auto production:"," ",NA,NA,NA,NA,NA,NA,NA,NA,NA,NA,NA,NA,NA,NA,NA,NA,NA,NA,NA,NA,NA,NA,NA,NA,NA,NA,NA,NA,NA,NA,NA,NA,NA,NA,NA,NA,NA,NA,NA,NA,NA,NA,NA,NA,NA,NA,NA,NA,NA,NA,NA,NA,NA,NA,NA,NA,NA,NA,NA,NA,NA,NA,NA,NA,NA,NA,NA,NA,NA,NA,NA,NA,NA,NA,NA,NA,NA,NA,NA,NA,NA,NA,NA,NA,NA,NA,NA,NA,NA,NA,NA,NA,NA,NA,NA,NA,NA,NA,NA,NA,NA,NA,NA,NA,NA,NA,NA,NA,NA,NA,NA,NA,NA,NA,NA,NA,NA,NA,NA,NA,NA,NA,NA,NA,NA,NA,NA,NA,NA,NA,NA,NA,NA,NA,NA,NA,NA,NA,NA,NA,NA,NA,NA,NA,NA,NA,NA,NA,NA,NA,NA,NA,NA,NA,NA,NA,NA,NA,NA,NA,NA,NA,NA,NA,NA,NA,NA,NA,NA,NA,NA,NA,NA,NA,NA,NA,NA,NA,NA,NA,NA,NA,NA,NA,NA,NA,NA,NA,NA,NA,NA,NA,NA,NA,NA,NA,NA,NA,NA,NA,NA,NA,NA,NA,NA,NA,NA,NA,NA,NA,NA,NA,NA,NA,NA,NA
"106","23","  Unit assemblies (Thousands, NSA)","MVMA1",761.9,673.6,747.4,757.8,776.8,694,618.5,550.5,634.2,761,668.1,541,757.2,702.2,667.1,739.7,695.3,720.8,510.9,479,642.8,733.8,590.7,587.5,638.9,695.7,744.5,654,625.2,652.4,354.4,414.1,571.7,673.7,584.8,488.4,484.8,563.7,660.9,609.1,692,731.4,367,500.6,626.5,670.3,652.3,572.3,638,608,652.8,647.6,679.1,612,276.8,546.3,573.9,620.5,538.8,429.1,355.2,495.6,620.2,507.8,621.2,617.6,354.1,535.3,535.5,651.5,447.6,335.7,450.7,421.3,433.5,463.2,513.2,475.8,358.5,422.1,481.2,584.6,466.7,367.8,419.7,439.4,497,507.3,544.2,559,349.4,431.5,476.4,533.1,458.7,450,453.3,499.3,589.5,538.6,548.4,559.5,297.9,437.1,461.9,547.6,551.3,494.3,529.7,584.2,658.6,564.1,608.3,613.7,284.5,539.6,558.9,593.3,550.7,515.6,547.6,582.9,677.8,519.9,581,574.2,288.6,504.9,523.8,582.2,520,437.2,476.1,543.7,424.1,568.9,614.8,578.8,372.4,548.1,523.3,552.9,493.2,386.5,488.1,516.4,505.2,558.5,538.1,499.7,344.4,495.7,502.1,579.3,471.3,435.2,439,461.8,516.4,481.5,485.2,412.6,237.5,511.2,551.1,570.2,448.6,439.1,427.7,458.3,554.1,494.6,476.4,514.1,286.7,502.5,499.6,518.5,486.4,418.8,449.7,489.4,554.7,453.9,533.4,527.2,282.6,519.6,480.6,503.8,418.5,328.9,410.2,392.4,477.1,420.4,494.1,449.8,253.1,437.3,379.2,439.5,399.8,325.5,417.3,440.5,444.2,481.9,492.1,447.8,313.2,431.9,410.6,464,379.3,295.9
"107","24","    Percent change from preceding period","CHG071",37.6,-11.6,11,1.4,2.5,-10.7,-10.9,-11,15.2,20,-12.2,-19,40,-7.3,-5,10.9,-6,3.7,-29.1,-6.2,34.2,14.2,-19.5,-0.5,8.7,8.9,7,-12.2,-4.4,4.4,-45.7,16.8,38.1,17.8,-13.2,-16.5,-0.7,16.3,17.2,-7.8,13.6,5.7,-49.8,36.4,25.1,7,-2.7,-12.3,11.5,-4.7,7.4,-0.8,4.9,-9.9,-54.8,97.4,5.1,8.1,-13.2,-20.4,-17.2,39.5,25.1,-18.1,22.3,-0.6,-42.7,51.2,0,21.7,-31.3,-25,34.3,-6.5,2.9,6.9,10.8,-7.3,-24.7,17.7,14,21.5,-20.2,-21.2,14.1,4.7,13.1,2.1,7.3,2.7,-37.5,23.5,10.4,11.9,-14,-1.9,0.7,10.1,18.1,-8.6,1.8,2,-46.8,46.7,5.7,18.6,0.7,-10.3,7.2,10.3,12.7,-14.3,7.8,0.9,-53.6,89.7,3.6,6.2,-7.2,-6.4,6.2,6.4,16.3,-23.3,11.8,-1.2,-49.7,74.9,3.7,11.1,-10.7,-15.9,8.9,14.2,-22,34.1,8.1,-5.9,-35.7,47.2,-4.5,5.7,-10.8,-21.6,26.3,5.8,-2.2,10.6,-3.7,-7.1,-31.1,43.9,1.3,15.4,-18.6,-7.7,0.9,5.2,11.8,-6.8,0.8,-15,-42.4,115.2,7.8,3.5,-21.3,-2.1,-2.6,7.2,20.9,-10.7,-3.7,7.9,-44.2,75.3,-0.6,3.8,-6.2,-13.9,7.4,8.8,13.3,-18.2,17.5,-1.2,-46.4,83.9,-7.5,4.8,-16.9,-21.4,24.7,-4.3,21.6,-11.9,17.5,-9,-43.7,72.8,-13.3,15.9,-9,-18.6,28.2,5.6,0.8,8.5,2.1,-9,-30.1,37.9,-4.9,13,-18.3,-22
"108","25","  BEA production estimate (Millions, SAAR)","BEACPT3",8.543,7.805,8.176,8.116,8.15,7.852,8.537,8.419,8.152,8.142,8.49,7.837,8.478,8.026,7.219,7.814,7.596,8.07,7.555,7.885,7.864,7.986,7.534,7.897,7.678,8.176,8.012,7.18,7.102,6.865,5.929,6.348,6.652,7.386,7.28,6.566,6.14,6.368,6.8,6.983,7.424,7.702,7.159,6.641,7.452,7.396,7.496,8.009,7.912,7.412,7.134,7.902,6.912,6.482,6.176,6.175,6.647,6.253,6.358,6.511,4.266,6.182,7.104,6.044,6.299,6.701,6.659,6.516,6.437,6.288,5.454,4.978,5.504,5.311,5.167,5.198,5.266,5.261,5.543,5.858,5.602,5.586,5.766,5.201,5.153,5.268,5.482,5.662,5.947,5.808,5.976,6,5.348,5.632,5.735,5.978,6.155,6.046,5.977,6.122,6.154,5.874,5.617,5.485,5.3,6.032,6.426,6.557,6.92,6.913,6.846,6.526,6.539,6.544,6.492,5.917,6.468,6.636,6.546,6.866,6.913,6.828,7.07,6.299,6.131,6.104,6.23,5.587,6.294,6.313,6.174,6.138,5.857,6.05,4.782,6.388,6.568,6.794,6.713,6.53,6.365,5.696,5.98,5.269,6.005,6.12,5.68,6.34,5.827,5.688,5.953,6.18,5.71,5.923,5.994,5.79,5.874,5.566,5.458,5.482,5.537,4.822,3.839,6.157,6.356,6.08,5.729,5.95,5.714,5.534,5.606,5.645,5.454,5.466,5.395,5.698,5.704,5.822,5.849,5.713,5.712,5.616,5.624,5.768,5.848,5.635,5.442,5.602,5.722,5.422,5.041,4.806,4.949,4.729,5.074,5.065,5.191,5.054,4.83,4.643,4.628,4.534,4.82,5.093,5.017,5.311,5.215,5.266,5.202,5.287,5.308,4.986,4.831,4.787,5.104,4.642
"109","26","    Percent change from preceding period","CHG031",1.3,-8.6,4.8,-0.7,0.4,-3.7,8.7,-1.4,-3.2,-0.1,4.3,-7.7,8.2,-5.3,-10.1,8.2,-2.8,6.2,-6.4,4.4,-0.3,1.6,-5.7,4.8,-2.8,6.5,-2,-10.4,-1.1,-3.3,-13.6,7.1,4.8,11,-1.4,-9.8,-6.5,3.7,6.8,2.7,6.3,3.7,-7.1,-7.2,12.2,-0.8,1.4,6.8,-1.2,-6.3,-3.8,10.8,-12.5,-6.2,-4.7,0,7.6,-5.9,1.7,2.4,-34.5,44.9,14.9,-14.9,4.2,6.4,-0.6,-2.1,-1.2,-2.3,-13.3,-8.7,10.6,-3.5,-2.7,0.6,1.3,-0.1,5.4,5.7,-4.4,-0.3,3.2,-9.8,-0.9,2.2,4.1,3.3,5,-2.3,2.9,0.4,-10.9,5.3,1.8,4.2,3,-1.8,-1.1,2.4,0.5,-4.5,-4.4,-2.4,-3.4,13.8,6.5,2,5.5,-0.1,-1,-4.7,0.2,0.1,-0.8,-8.9,9.3,2.6,-1.4,4.9,0.7,-1.2,3.5,-10.9,-2.7,-0.4,2.1,-10.3,12.7,0.3,-2.2,-0.6,-4.6,3.3,-21,33.6,2.8,3.4,-1.2,-2.7,-2.5,-10.5,5,-11.9,14,1.9,-7.2,11.6,-8.1,-2.4,4.7,3.8,-7.6,3.7,1.2,-3.4,1.5,-5.2,-1.9,0.4,1,-12.9,-20.4,60.4,3.2,-4.3,-5.8,3.9,-4,-3.2,1.3,0.7,-3.4,0.2,-1.3,5.6,0.1,2.1,0.5,-2.3,0,-1.7,0.1,2.6,1.4,-3.6,-3.4,2.9,2.1,-5.2,-7,-4.7,3,-4.4,7.3,-0.2,2.5,-2.6,-4.4,-3.9,-0.3,-2,6.3,5.7,-1.5,5.9,-1.8,1,-1.2,1.6,0.4,-6.1,-3.1,-0.9,6.6,-9.1
"110","27","  FRB production estimate (Millions, SAAR)","FRB3",8.292,8.119,8.447,8.261,8.228,8.091,8.375,8.417,8.166,8.053,8.077,7.586,8.206,8.44,7.53,8.046,7.732,7.946,7.589,7.194,7.926,7.801,7.523,7.626,7.391,8.206,8.022,7.114,7.286,6.874,6.73,5.997,6.143,7.351,7.092,6.458,5.952,6.113,6.629,6.944,7.496,7.536,7.121,7.026,7.388,7.584,7.535,7.799,7.475,7.186,7.164,7.195,7.142,6.782,6.013,6.386,6.838,6.734,6.194,6.17,4.129,5.768,6.651,5.795,6.384,6.828,6.438,6.37,7.29,6.825,5.26,5.019,5.469,5.065,5.055,4.981,5.236,5.523,6.074,5.36,6.183,5.883,5.676,5.495,5.156,5.28,5.274,5.724,6.106,5.805,6.09,5.422,5.733,5.588,5.592,5.957,6.142,5.992,5.97,6.123,6.135,5.887,5.681,5.208,5.397,6,6.412,6.539,6.773,7.033,6.663,6.749,6.519,6.445,6.074,6.213,6.167,6.511,6.4,6.831,6.993,7.014,6.867,6.555,6.143,6.045,5.999,5.872,6.061,6.083,6.007,6.144,5.742,6.211,4.675,6.408,6.48,6.703,6.827,6.445,6.261,5.526,5.974,5.8,5.869,6.162,6.14,5.715,5.771,5.791,5.602,5.927,5.88,5.822,6,5.8,5.805,5.504,5.397,5.421,5.491,4.761,3.78,6.092,6.294,6.018,5.651,5.886,5.644,5.465,5.546,5.6,5.452,5.433,5.326,5.622,5.626,5.746,5.772,5.64,5.635,5.536,5.551,5.707,5.782,5.567,5.384,5.533,5.655,5.351,4.962,4.724,4.875,4.652,4.996,4.991,5.128,4.984,4.762,4.57,4.564,4.467,4.753,5.025,4.939,5.241,5.145,5.203,5.143,5.215,5.253,4.923,4.78,4.734,5.046,4.59
"111","28","    Percent change from preceding period","CHG041",3.2,-2.1,4.1,-2.2,-0.4,-1.7,3.5,0.6,-3,-1.5,0.4,-6.1,8.2,2.8,-10.8,6.9,-4,2.8,-4.5,-5.3,10.3,-1.6,-3.6,1.5,-3.1,11.2,-2.4,-11.3,2.5,-5.8,-2,-10.8,2.3,19.7,-3.5,-8.9,-7.9,2.9,8.3,4.7,8.1,0.5,-5.6,-1.3,5.1,2.6,-0.7,3.6,-4.2,-3.7,-0.4,0.6,-0.8,-5,-11.4,6.3,7,-1.6,-8,-0.3,-33.1,39.7,15.3,-12.9,10.2,7.1,-5.7,-1.1,14.4,-6.3,-23,-4.6,8.9,-7.4,-0.2,-1.5,5.1,5.5,10,-11.8,15.4,-4.9,-3.5,-3.2,-6.3,2.1,0.5,8.4,6.8,-4.9,4.7,-10.9,5.8,-2.6,0.1,6.5,3.1,-2.4,-0.4,2.6,0.2,-4,-3.5,-8.3,3.6,11.2,6.9,2,3.6,3.8,-5.3,1.3,-3.4,-1.1,-5.8,2.3,-0.7,5.6,-1.7,6.7,2.4,0.3,-2.1,-4.5,-6.3,-1.6,-0.8,-2.1,3.2,0.4,-1.2,2.3,-6.5,8.2,-24.7,37.1,1.1,3.4,1.8,-5.6,-2.9,-11.7,8.1,-2.9,1.2,5,-0.4,-6.9,1,0.3,-3.3,5.8,-0.8,-1,3.1,-3.3,0.1,-5.2,-1.9,0.4,1.3,-13.3,-20.6,61.2,3.3,-4.4,-6.1,4.2,-4.1,-3.2,1.5,1,-2.6,-0.3,-2,5.6,0.1,2.1,0.5,-2.3,-0.1,-1.8,0.3,2.8,1.3,-3.7,-3.3,2.8,2.2,-5.4,-7.3,-4.8,3.2,-4.6,7.4,-0.1,2.7,-2.8,-4.5,-4,-0.1,-2.1,6.4,5.7,-1.7,6.1,-1.8,1.1,-1.2,1.4,0.7,-6.3,-2.9,-1,6.6,-9
"112","29","  Index of industrial production, autos (2002=100)","IIP011",144.7,130.8,129.6,127.6,123.3,121,137,124.8,122.9,120.7,127.1,120.4,137.1,132.5,126.7,119.3,117.2,122.6,119.8,115.9,121.3,121,124.4,129.2,128.1,138.1,133.8,128,122.6,117.7,106.5,106,114.5,124.5,122.7,113.3,105.4,110.7,115.2,123.8,126.7,127.3,103.2,111.6,122.9,122.3,125.5,130.1,134.3,126.8,123.1,124,116.3,105.5,90,108.8,112.9,105,101.3,102.6,74.2,101.9,107.8,98.4,102.2,107.6,104.8,99.5,110.2,99.6,78,79.1,87.2,80.9,78,77.4,83,85.4,95.3,85.4,98.1,94.3,90.6,87.3,75.7,81.9,82.1,87.8,94.7,92.8,99,89.8,87.7,92,90.6,95.3,96.2,94,96.1,98.1,97,94.5,90,81.2,88.2,96.3,102.9,103.8,108.1,109.6,108.2,109.3,107.5,108.7,101.1,106.8,108.4,113.1,110.4,114.5,114.4,116.1,116.2,110.2,104.4,103,100.2,101.4,105.8,102.7,101,102,94.1,101.9,78.7,108.5,110.9,113.9,113.4,109,109.3,93.6,102.7,101.9,102.4,105.6,106,100,102.6,103.1,98.2,107.1,108.1,105.4,109.8,107.6,109.5,103.6,103,105.6,106.5,90.8,70.4,120.2,125.7,122.4,116.2,119.1,112.6,107.7,110.5,110.6,107.7,108.5,107.7,111.1,112.2,114.1,115.3,111.1,113.3,111.3,111.1,113.8,115.1,111.7,106.8,113.4,113.6,106.1,99.9,93.2,96.6,94.4,100.6,99,102.6,100.1,97.8,91,92.1,88.5,93.7,99.5,98.1,104.4,99.9,101.9,102.3,103.2,103.4,99.8,95.9,95.8,101.5,93.8
"113","30","    Percent change from preceding period","CHG051",4.7,-9.6,-0.9,-1.5,-3.4,-1.8,13.2,-8.9,-1.5,-1.8,5.3,-5.3,13.9,-3.4,-4.4,-5.9,-1.8,4.7,-2.3,-3.3,4.7,-0.2,2.8,3.9,-0.9,7.8,-3.1,-4.4,-4.2,-4,-9.6,-0.4,8,8.7,-1.5,-7.7,-6.9,5,4.1,7.4,2.4,0.5,-18.9,8.1,10.1,-0.5,2.6,3.7,3.2,-5.5,-2.9,0.7,-6.2,-9.3,-14.7,20.9,3.7,-7,-3.5,1.3,-27.7,37.3,5.8,-8.7,3.9,5.2,-2.6,-5,10.8,-9.6,-21.6,1.3,10.3,-7.2,-3.7,-0.7,7.3,2.9,11.7,-10.5,14.9,-3.8,-3.9,-3.7,-13.3,8.3,0.3,6.9,7.9,-2,6.7,-9.3,-2.3,4.9,-1.5,5.1,0.9,-2.2,2.3,2,-1.2,-2.5,-4.8,-9.8,8.6,9.2,6.8,0.9,4.2,1.3,-1.2,1.1,-1.7,1.2,-7,5.6,1.5,4.4,-2.4,3.7,0,1.4,0.1,-5.2,-5.3,-1.3,-2.8,1.3,4.3,-2.9,-1.6,1,-7.8,8.3,-22.7,37.9,2.2,2.7,-0.4,-3.9,0.2,-14.4,9.8,-0.8,0.5,3.1,0.3,-5.7,2.6,0.5,-4.8,9.1,1,-2.6,4.2,-2,1.7,-5.3,-0.6,2.5,0.9,-14.7,-22.4,70.7,4.5,-2.7,-5.1,2.6,-5.5,-4.4,2.6,0.1,-2.6,0.8,-0.7,3.2,1,1.7,1,-3.6,2,-1.8,-0.2,2.4,1.2,-3,-4.4,6.2,0.2,-6.6,-5.9,-6.7,3.7,-2.3,6.6,-1.6,3.7,-2.4,-2.4,-6.9,1.1,-3.9,5.9,6.3,-1.5,6.4,-4.3,2.1,0.3,0.9,0.2,-3.5,-3.9,-0.1,5.9,-7.5
"114",NA,"Unit auto inventory change:"," ",NA,NA,NA,NA,NA,NA,NA,NA,NA,NA,NA,NA,NA,NA,NA,NA,NA,NA,NA,NA,NA,NA,NA,NA,NA,NA,NA,NA,NA,NA,NA,NA,NA,NA,NA,NA,NA,NA,NA,NA,NA,NA,NA,NA,NA,NA,NA,NA,NA,NA,NA,NA,NA,NA,NA,NA,NA,NA,NA,NA,NA,NA,NA,NA,NA,NA,NA,NA,NA,NA,NA,NA,NA,NA,NA,NA,NA,NA,NA,NA,NA,NA,NA,NA,NA,NA,NA,NA,NA,NA,NA,NA,NA,NA,NA,NA,NA,NA,NA,NA,NA,NA,NA,NA,NA,NA,NA,NA,NA,NA,NA,NA,NA,NA,NA,NA,NA,NA,NA,NA,NA,NA,NA,NA,NA,NA,NA,NA,NA,NA,NA,NA,NA,NA,NA,NA,NA,NA,NA,NA,NA,NA,NA,NA,NA,NA,NA,NA,NA,NA,NA,NA,NA,NA,NA,NA,NA,NA,NA,NA,NA,NA,NA,NA,NA,NA,NA,NA,NA,NA,NA,NA,NA,NA,NA,NA,NA,NA,NA,NA,NA,NA,NA,NA,NA,NA,NA,NA,NA,NA,NA,NA,NA,NA,NA,NA,NA,NA,NA,NA,NA,NA,NA,NA,NA,NA,NA,NA,NA,NA,NA,NA,NA,NA,NA,NA
"115",NA,"  BEA estimates of unit detail (Thousands, SA):"," ",NA,NA,NA,NA,NA,NA,NA,NA,NA,NA,NA,NA,NA,NA,NA,NA,NA,NA,NA,NA,NA,NA,NA,NA,NA,NA,NA,NA,NA,NA,NA,NA,NA,NA,NA,NA,NA,NA,NA,NA,NA,NA,NA,NA,NA,NA,NA,NA,NA,NA,NA,NA,NA,NA,NA,NA,NA,NA,NA,NA,NA,NA,NA,NA,NA,NA,NA,NA,NA,NA,NA,NA,NA,NA,NA,NA,NA,NA,NA,NA,NA,NA,NA,NA,NA,NA,NA,NA,NA,NA,NA,NA,NA,NA,NA,NA,NA,NA,NA,NA,NA,NA,NA,NA,NA,NA,NA,NA,NA,NA,NA,NA,NA,NA,NA,NA,NA,NA,NA,NA,NA,NA,NA,NA,NA,NA,NA,NA,NA,NA,NA,NA,NA,NA,NA,NA,NA,NA,NA,NA,NA,NA,NA,NA,NA,NA,NA,NA,NA,NA,NA,NA,NA,NA,NA,NA,NA,NA,NA,NA,NA,NA,NA,NA,NA,NA,NA,NA,NA,NA,NA,NA,NA,NA,NA,NA,NA,NA,NA,NA,NA,NA,NA,NA,NA,NA,NA,NA,NA,NA,NA,NA,NA,NA,NA,NA,NA,NA,NA,NA,NA,NA,NA,NA,NA,NA,NA,NA,NA,NA,NA,NA,NA,NA,NA,NA
"116","31","    Production","BEASMR1",711.9,650.4,681.3,676.3,679.2,654.3,711.4,701.6,679.3,678.5,707.5,653.1,706.5,668.8,601.6,651.2,633,672.5,629.6,657.1,655.3,665.5,627.8,658.1,639.8,681.3,667.7,598.3,591.8,572.1,494.1,529,554.3,615.5,606.7,547.2,511.7,530.7,566.7,581.9,618.7,641.8,596.6,553.4,621,616.3,624.7,667.4,659.3,617.7,594.5,658.5,576,540.2,514.7,514.6,553.9,521.1,529.8,542.6,355.5,515.2,592,503.7,524.9,558.4,554.9,543,536.4,524,454.5,414.8,458.7,442.6,430.6,433.2,438.8,438.4,461.9,488.2,466.8,465.5,480.5,433.4,429.4,439,456.8,471.8,495.6,484,498,500,445.7,469.3,477.9,498.2,512.9,503.8,498.1,510.2,512.8,489.5,468.1,457.1,441.7,502.7,535.5,546.4,576.7,576.1,570.5,543.8,544.9,545.3,541,493.1,539,553,545.5,572.2,576.1,569,589.2,524.9,510.9,508.7,519.2,465.6,524.5,526.1,514.5,511.5,488.1,504.2,398.5,532.3,547.3,566.2,559.4,544.2,530.4,474.7,498.3,439.1,500.4,510,473.3,528.3,485.6,474,496.1,515,475.8,493.6,499.5,482.5,489.5,463.8,454.8,456.8,461.4,401.8,319.9,513.1,529.7,506.7,477.4,495.8,476.2,461.2,467.2,470.4,454.5,455.5,449.6,474.8,475.3,485.2,487.4,476.1,476,468,468.7,480.7,487.3,469.6,453.5,466.8,476.8,451.8,420.1,400.5,412.4,394.1,422.8,422.1,432.6,421.2,402.5,386.9,385.7,377.8,401.7,424.4,418.1,442.6,434.6,438.8,433.5,440.6,442.3,415.5,402.6,398.9,425.3,386.8
"117","32","    Plus: Canadian imports","CIMPS1",64.6,62.2,61.5,65.7,72.1,69.7,75.4,104.8,81.7,78.2,72.7,68.5,67.5,69.5,71,79.6,73,74.4,71.3,70.6,73.6,81.3,74.6,83.2,64.2,67,57.1,48,46.3,50.7,45,31.4,53,57.6,63.8,70.5,75.9,71.5,80.1,82.2,83.8,78.6,52.9,71.3,71.8,65.8,52,59,69.5,72.6,64.6,70.9,67,62.9,70.6,70.7,71.1,72.3,78.2,85.3,56.3,78.5,89.9,70.1,80.8,81,102.6,78.9,71.8,80.5,76.1,51.2,69.5,44.5,72.2,79.9,79.4,85,82.1,88.7,87.4,79,66.3,70.5,58.6,70.7,63.1,77.1,74.6,76.3,56.3,98.6,72.6,66.9,78.7,95.4,83.9,92.8,95.5,90.3,85.1,86.6,106,112.5,99.7,95.4,90,71.1,78.9,61.8,82.7,85.6,90.9,91.9,87.8,72.6,76.7,90.2,96.1,92.4,107.4,96.3,95.8,82.5,86.9,84.4,89.7,97.8,96.3,98.4,92.9,106,85.1,90.4,66.5,94.6,95,96,93.3,97.4,103.7,62.4,96.6,89,102.8,99.8,93.7,97.7,93.9,91.5,129.4,87.1,84.2,83.8,87.8,96.1,101.3,109.3,111.3,110,111.5,78.3,94.1,122.9,120.7,122.9,123.8,118.9,127.4,118.2,113,88,115.9,114.9,122.2,103.9,112.6,116.8,111.9,119.1,114.9,102.2,108.6,96.9,93.8,99.3,85.6,89.2,93.3,83,84.4,84.4,72,75.9,60.7,74.9,71.2,75.2,69.7,68.6,61.2,65.4,63.9,65.5,66.1,86.4,81.7,86.7,85.4,84.4,94,87.1,88.8,88.7,91,92.7
"118","33","    Plus: Mexican imports","MIMPS1",0.8,0.8,0.8,0.8,0.7,2.4,2,1,1,0.5,2.6,3,4.1,4.7,3.4,2,3.3,0.6,5.1,2,1.7,4.3,5.8,4.8,4.6,0.5,1.3,7.5,12.6,15.2,11.8,10.4,13.1,15.1,11.6,10.1,12.9,12.9,11.4,10.8,14.2,12.4,10.1,13.3,13.1,15.1,9.7,12.1,4.3,11.5,11.2,10.6,15.8,14.4,15.8,8,4.9,4.9,6.5,3.9,7.7,8.8,5.7,9.3,13.2,15.9,14.8,18.6,22.8,24.5,22,16.9,17.4,12.1,18,14.3,13,20.1,15.9,16.7,23.1,25.3,21.6,12,16.9,11.9,20.9,21.1,22.3,22,29.3,21.9,21.2,20.7,15.9,10.3,7.5,18.9,10.7,19.9,19.7,25.7,15,13.1,24.6,23.9,23.8,25.7,14.6,19.1,22.7,22.4,22.5,28.3,25.4,24.2,26.1,30.1,32.8,34.9,23.4,26.7,28.4,22.9,23.9,28.9,33.1,21.4,21.7,46.3,43.4,37.8,39.7,41.5,40.9,34.5,37.4,37.6,26.1,20.7,27,23.1,20.3,20.8,20.4,22.4,22.9,24.3,34.3,30,31.5,22.9,31.4,35.6,25.8,25.4,20.5,19.9,36.1,27.4,42.7,36.6,33,36.4,29.6,36.1,38.6,40.4,35.5,37.8,49.2,42,41.7,39.7,39.9,33.8,37.9,45.2,43.8,44.1,37.7,47.5,56.5,56.8,48.7,67,63.6,59.2,69,69,59.8,51.5,53.4,51.6,61.9,50,47.7,60,58.2,57.9,52.5,52.7,55.8,51.6,51.5,62.2,76.6,58.9,58.9,76.9,43.5,67.1,57.5,59.6,59.1,48.6
"119","34","    Less: Sales","SAMR1",687,692.3,698.3,706.2,685.6,637.6,627.7,784.3,936.6,538.5,564.3,646.2,708.2,653,577.3,653.7,682.7,681.3,634,734,959.9,591.7,582.5,756.7,487.2,598.7,616.9,618.6,571.1,597.7,606.2,688.8,642.2,502.1,534.9,616.5,647.7,665.1,648.2,609.2,629,643.1,621.3,608.3,587.6,580.5,605.6,693.8,613.1,593.3,577.5,641,622.2,566.4,587.3,679.3,641.1,514.2,506.2,536.5,648.8,573.4,573.7,572.2,557.7,562.3,564.9,573.1,617.3,577.3,530.6,545.6,498.4,513.2,526.6,477,508.7,523.1,538.6,513.9,517,501.6,519,499.8,507.9,520.2,513.7,497.2,522.9,542.5,531.6,504.8,527.1,532.7,523.7,552.3,540.8,502.6,527.2,573.6,569.8,578.2,570.6,533.9,545.1,607.2,601.3,583.9,605.3,618.3,609.3,633.7,574.9,586.2,569.9,588.9,598.8,617.9,628.6,623.3,571.2,570.4,595.4,552.3,573.4,600,575.8,623.9,615.5,595.4,615.8,639.8,572.6,617.8,643.1,621.3,652.4,602,595.9,601,609.3,572.8,586.8,578.7,613.4,582.8,589.3,566,563.3,543,586.9,592.8,550,561,560.8,597,520.8,541.7,551,567.3,602.3,590.5,495.8,514.3,593.3,611.8,550.7,624.6,555.8,586.8,574.5,579.6,584.9,583.4,590.1,602.6,575.5,565.5,582.1,601,616.8,632.2,588.6,580.8,573.3,565.8,552.5,556.6,578.4,555.1,532.3,500.4,562.2,579.5,528.5,521.1,527.5,527.5,492.6,477.9,487.8,665.6,517.5,434.9,453.3,483.3,488.7,520.7,479,486.6,529.3,531.7,471.8,465,471.2,490.7
"120","35","    Less: Exports","EXPTS1",58.6,51.4,54.4,51.4,52.7,53.2,59.4,57.6,56.1,55.4,61.6,53.1,67,53.7,49.6,52.9,55.3,68.8,49.3,42.2,55.6,53.3,50.1,49.9,43.7,53.4,50.9,50.1,54.6,62.7,35.1,38.9,50.9,54.4,53.3,50.8,49.9,52.7,53.9,51.3,52.8,52,59.2,59.1,60.4,62.9,56.6,57.2,59.7,56.5,52.6,56.3,44.4,48.5,41,56.1,52.3,46.3,54.2,58.3,40.4,53.9,54.9,50,49.7,51.9,36.1,59.7,35.9,38.3,36.4,39.8,56,38,41,33.9,42.6,44.1,52.4,44.7,50.3,44,45.7,40.1,40.7,37.4,36.5,43.9,46.8,43.3,47.7,43.7,38.9,48.4,47.1,46,35.4,41.2,43.6,41.4,42.1,39.8,31.1,38.8,43.4,45,44.2,46.3,50.1,53.3,51.7,54,48.7,47.5,45.1,48.3,49.4,39.2,47.2,50.2,48.3,46.9,44.6,41.7,41.3,39.3,46.9,38.4,38.8,41.8,40.1,53.5,43.6,41.4,40.9,39.9,40.1,38.3,45.6,48,52.3,45,44.7,44.1,32.1,44.9,47.2,46.9,51,52.7,35.3,49.4,42.4,47.3,44.2,42.6,45,42.1,39.5,40.6,46.6,37.4,29.3,37.6,47.5,35.8,41.5,45.4,40.5,43.1,42.7,40.5,35.7,37.4,33.9,37.8,35.7,40.5,41.2,38.2,41.1,59.6,40.7,44.6,46,46.3,46.1,42.5,41.3,39.7,39.5,34.7,37.7,31.8,38.5,36.9,38.3,40.8,45,38.6,39.6,33.1,35.7,38.4,56.1,57.4,60.9,59.3,65.4,62.2,59,60.4,56.3,61.2,57.5,52.6
"121","36","    Equals: Inventory change","INVSC1",31.7,-30.3,-9.1,-14.8,13.7,35.6,101.7,-34.5,-230.7,163.3,156.9,25.3,2.9,36.3,49.1,26.2,-28.7,-2.6,22.7,-46.5,-284.9,106.1,75.6,-60.5,177.7,96.7,58.3,-14.9,25,-22.4,-90.4,-156.9,-72.7,131.7,93.9,-39.5,-97.1,-102.7,-43.9,14.4,34.9,37.7,-20.9,-29.4,57.9,53.8,24.2,-12.5,60.3,52,40.2,42.7,-7.8,2.6,-27.2,-142.1,-63.5,37.8,54.1,37,-269.7,-24.8,59,-39.1,11.5,41.1,71.3,7.7,-22.2,13.4,-14.4,-102.5,-8.8,-52,-46.8,16.5,-20.1,-23.7,-31.1,35,10,24.2,3.7,-24,-43.7,-36,-9.4,28.9,22.8,-3.5,4.3,72,-26.5,-24.2,1.7,5.6,28.1,71.7,33.5,5.4,5.7,-16.2,-12.6,10,-22.5,-30.2,3.8,13,14.8,-14.6,14.9,-35.9,34.7,31.8,39.2,-47.3,-6.4,16.2,-1.4,26,87.4,74.7,73.4,36.3,7,-17.4,19.3,-77.5,-11.8,33.6,-5.1,-38,-3.3,-23.1,-178.1,0.2,-12.8,59.5,37.3,13.3,-0.5,-57.6,-16.3,-73.9,-21.9,4.5,-46.6,37.4,-0.5,-0.2,34.8,-17.2,-1,4.7,8.1,-35.6,45.5,9.2,11.7,-13.7,-33.3,-111.2,-78.1,120.5,39.2,18.1,47.6,-14.9,42.8,-12.7,12.2,-19.7,-8.5,-10.7,-12.3,-27.9,14.6,41.2,19.8,0.1,-29.3,-74.1,4.5,9,10.5,23.8,4.1,16.1,19.4,9,-7.5,1.3,-62.1,-89.7,-21.6,-11,-14.3,-11.9,-7.2,-3.1,-28,-202.8,-31.8,68.2,26.3,50.5,43.3,4.4,33.4,53.1,-8.5,-22.4,20.8,21,46.7,-15.2
"122","37","    Inventory level (Thousands, SA)","INVS1",1442.2,1411.9,1402.8,1388,1401.7,1437.3,1539,1504.5,1273.8,1437.1,1594,1619.3,1622.2,1658.5,1707.6,1733.8,1705.1,1702.5,1725.2,1678.7,1393.8,1499.9,1575.5,1515,1693.2,1790.8,1850.2,1836.6,1862.9,1842.1,1753.2,1598,1526.9,1659.8,1754.8,1716.4,1620.3,1518.3,1474.9,1489.5,1524.5,1562,1540.9,1511.2,1568.7,1622.1,1645.8,1600.8,1660.8,1712.6,1752.8,1795.5,1787.8,1790.6,1763.5,1621.5,1558.1,1595.9,1650,1686.9,1417.4,1392.8,1451.9,1412.9,1424.4,1465.2,1536.4,1544.1,1521.9,1535.3,1520.8,1418.2,1408.6,1355.9,1308.4,1324.4,1303.8,1279.5,1248,1282.7,1292.4,1316.3,1319.8,1295.6,1251.9,1215.9,1206.5,1235.4,1258.2,1254.7,1259,1331,1304.5,1280.3,1282,1287.6,1315.7,1387.4,1420.9,1426.3,1432,1415.8,1403.2,1413.2,1390.7,1360.5,1364.3,1377.3,1392.1,1377.5,1392.4,1356.5,1391.2,1423,1462.2,1414.9,1408.5,1424.7,1423.3,1449.3,1536.7,1611.4,1684.8,1721.1,1728.1,1710.7,1730,1652.5,1640.7,1674.3,1669.2,1631.2,1627.9,1604.8,1426.7,1426.9,1414.1,1473.6,1510.9,1524.2,1523.7,1466.1,1449.8,1375.9,1354,1358.5,1311.9,1349.3,1348.8,1348.6,1383.4,1366.2,1365.2,1369.9,1378,1342.4,1387.9,1397.1,1408.8,1395.1,1361.8,1250.6,1172.5,1293,1332.2,1350.3,1397.9,1383,1425.8,1413.1,1425.3,1405.6,1397.1,1386.4,1374.1,1346.2,1360.8,1402,1421.8,1421.9,1392.6,1318.5,1323,1332,1342.5,1366.3,1370.4,1386.5,1405.9,1414.9,1407.4,1408.7,1346.6,1256.9,1235.3,1224.3,1210,1198.1,1190.9,1187.8,1159.8,957,925.2,993.4,1019.7,1070.2,1113.5,1117.9,1151.3,1204.4,1195.9,1173.5,1194.3,1215.3,1262,1246.8
"123","38","    Inventory/sales ratio","INVSAL3",2.099,2.039,2.009,1.965,2.044,2.254,2.452,1.918,1.36,2.669,2.825,2.506,2.291,2.54,2.958,2.652,2.498,2.499,2.721,2.287,1.452,2.535,2.705,2.002,3.475,2.991,2.999,2.969,3.262,3.082,2.892,2.32,2.378,3.306,3.281,2.784,2.502,2.283,2.275,2.445,2.424,2.429,2.48,2.484,2.67,2.794,2.718,2.307,2.709,2.887,3.035,2.801,2.873,3.161,3.003,2.387,2.43,3.104,3.26,3.144,2.185,2.429,2.531,2.469,2.554,2.606,2.72,2.694,2.465,2.659,2.866,2.599,2.826,2.642,2.485,2.777,2.563,2.446,2.317,2.496,2.5,2.624,2.543,2.592,2.465,2.337,2.349,2.485,2.406,2.313,2.368,2.637,2.475,2.403,2.448,2.331,2.433,2.76,2.695,2.487,2.513,2.449,2.459,2.647,2.551,2.241,2.269,2.359,2.3,2.228,2.285,2.141,2.42,2.427,2.566,2.403,2.352,2.306,2.264,2.325,2.69,2.825,2.83,3.116,3.014,2.851,3.005,2.649,2.666,2.812,2.711,2.55,2.843,2.598,2.218,2.297,2.168,2.448,2.535,2.536,2.501,2.56,2.471,2.378,2.207,2.331,2.226,2.384,2.394,2.484,2.357,2.305,2.482,2.442,2.457,2.249,2.665,2.579,2.557,2.459,2.261,2.118,2.365,2.514,2.245,2.207,2.538,2.214,2.565,2.408,2.481,2.425,2.389,2.376,2.329,2.234,2.365,2.479,2.443,2.366,2.258,2.086,2.248,2.293,2.342,2.415,2.48,2.491,2.431,2.549,2.644,2.815,2.395,2.169,2.337,2.349,2.294,2.271,2.418,2.485,2.378,1.438,1.788,2.284,2.25,2.214,2.278,2.147,2.404,2.475,2.259,2.207,2.531,2.614,2.678,2.541
"124","39","  Ward's inventory level estimate (Thousands, NSA)/1/","INVN1",1565.5,1603.5,1571.5,1563.2,1546.2,1576.8,1579.6,1413.5,1242.1,1433.6,1605.8,1629.6,1763.1,1867.3,1907,1945,1866.9,1859.6,1725.5,1557.3,1293.2,1412.6,1537.2,1499.5,1725.6,1860.8,1936.4,1903.8,1903.3,1902,1657.1,1438.2,1396.5,1558.9,1691.8,1680.1,1676.9,1608.5,1571.7,1571.3,1594.8,1663.1,1430.9,1325.6,1409.3,1504.4,1630.6,1600.8,1735.6,1809.9,1838.2,1835.8,1844.1,1844.7,1565.3,1449.5,1439.2,1549,1658.5,1669.4,1484,1466.6,1478.9,1422.1,1470.5,1504.6,1317.8,1336.9,1340.1,1483.3,1510.1,1407.5,1467.1,1431.2,1360.5,1371.3,1357.2,1304.4,1130.1,1118.9,1156.2,1267,1316.4,1283,1318.4,1304,1303.1,1317.1,1344.7,1341.2,1150.9,1166.4,1243.3,1215,1249.4,1275.6,1300.4,1395.5,1480.9,1483.4,1464.7,1452.5,1205.6,1169.3,1220.7,1252.9,1354.7,1364.9,1434.4,1475.9,1489.6,1456.4,1458.3,1471.7,1227.6,1209.3,1184,1307.9,1391.7,1436.6,1529.5,1686.3,1785.2,1807.6,1794,1762.9,1504.7,1475.2,1504.4,1580.3,1621.3,1618.5,1661.1,1682.6,1514.4,1493.3,1461,1472.6,1277.1,1299,1326.3,1329.4,1417.1,1363.4,1404.2,1442.8,1379.6,1412.6,1383.5,1350.5,1134.2,1166.5,1172.1,1262.1,1363.2,1329.9,1390,1441.7,1453.8,1412.2,1420.8,1164.9,961,1036.9,1113.7,1208.3,1318.1,1324.4,1425.9,1444.3,1468.3,1455,1384.3,1353.6,1124,1092.3,1125.3,1237,1340,1367.6,1416.5,1398.6,1429.8,1388.5,1348.1,1358.5,1161.8,1174.4,1223.2,1299.1,1390.4,1377,1417.1,1335.6,1321.9,1247.2,1188.9,1147.4,957.5,986.2,963.4,858,919.3,955.7,1064.7,1139.4,1146.9,1162.8,1169.2,1169.6,999.6,949.4,1003.8,1108,1205.1,1148.4
"125",NA,"Average expenditure per car:"," ",NA,NA,NA,NA,NA,NA,NA,NA,NA,NA,NA,NA,NA,NA,NA,NA,NA,NA,NA,NA,NA,NA,NA,NA,NA,NA,NA,NA,NA,NA,NA,NA,NA,NA,NA,NA,NA,NA,NA,NA,NA,NA,NA,NA,NA,NA,NA,NA,NA,NA,NA,NA,NA,NA,NA,NA,NA,NA,NA,NA,NA,NA,NA,NA,NA,NA,NA,NA,NA,NA,NA,NA,NA,NA,NA,NA,NA,NA,NA,NA,NA,NA,NA,NA,NA,NA,NA,NA,NA,NA,NA,NA,NA,NA,NA,NA,NA,NA,NA,NA,NA,NA,NA,NA,NA,NA,NA,NA,NA,NA,NA,NA,NA,NA,NA,NA,NA,NA,NA,NA,NA,NA,NA,NA,NA,NA,NA,NA,NA,NA,NA,NA,NA,NA,NA,NA,NA,NA,NA,NA,NA,NA,NA,NA,NA,NA,NA,NA,NA,NA,NA,NA,NA,NA,NA,NA,NA,NA,NA,NA,NA,NA,NA,NA,NA,NA,NA,NA,NA,NA,NA,NA,NA,NA,NA,NA,NA,NA,NA,NA,NA,NA,NA,NA,NA,NA,NA,NA,NA,NA,NA,NA,NA,NA,NA,NA,NA,NA,NA,NA,NA,NA,NA,NA,NA,NA,NA,NA,NA,NA,NA,NA,NA,NA,NA,NA
"126","40","  Overall","UPR000",11557,11616,11677,11683,11798,12012,12100,11850,11835,11923,12019,11985,12033,12243,12532,12491,12526,12568,12759,12798,12739,13033,13000,13085,13146,13072,13062,13263,13616,13350,13327,13471,13550,13623,13580,13539,13683,13672,13797,13821,13921,13932,13956,13976,14053,14131,14213,14041,14242,14336,14188,14287,14097,14405,14357,14340,14445,14400,14677,14691,14620,14764,14937,14945,14906,14947,15141,15103,15152,14996,15282,15749,15025,15142,15450,15278,15363,15449,15494,15537,15700,15766,15696,15774,16010,16050,16009,16093,16214,16282,16298,16409,16432,16521,16678,17017,16451,16466,16501,16702,16855,16746,16740,17016,16994,17056,17095,17331,17265,17317,17513,17683,17412,17686,18027,17919,18244,18066,18100,18403,17772,17741,17860,17925,17951,17914,17727,17758,17832,17835,18258,18279,18027,18067,18458,18024,18235,18282,18499,18731,18962,19184,19133,18972,18827,19033,19011,19021,19063,19212,19218,19389,19347,19617,19519,19591,19912,20201,20167,20099,20110,20130,20280,20517,20226,20339,20515,20547,20409,20465,20511,20528,20754,20800,20939,20697,20719,20959,20860,20829,20849,20919,21020,20950,21159,21061,20998,21204,20870,21023,21077,21432,20977,21359,21360,21404,21432,21543,21997,21711,21490,21119,21842,21640,21740,21920,22019,21867,21896,21775,21794,21822,22086,21918,21847,21707
"127","41","    Domestic","UPR010",11246,11303,11326,11341,11501,11844,11845,11620,11667,11795,11828,11759,11953,11996,12123,12292,12259,12245,12372,12462,12460,12517,12499,12576,12643,12475,12513,12723,12720,12895,12931,13097,13120,13288,13229,13349,13289,13249,13423,13333,13420,13376,13382,13309,13481,13509,13642,13599,13871,13934,13803,13999,13656,14005,13945,13980,13981,13795,14117,14143,14179,14281,14399,14287,14401,14450,14637,14570,14608,14502,14663,14918,14829,14922,15164,15042,15025,15113,15154,15179,15427,15435,15529,15470,15483,15505,15377,15459,15457,15467,15591,15612,15737,15791,15932,16302,15649,15629,15674,15797,16053,15917,15788,16036,15928,16129,16228,16345,16356,16381,16550,16696,16411,16733,16896,16922,17365,17101,17136,17311,16742,16719,16746,16835,16791,16878,16748,16755,16723,16778,16949,17063,16901,16970,17304,16895,17083,17025,17154,17237,17481,17696,17596,17424,17381,17314,17399,17549,17595,17619,17794,17783,17719,17697,17599,17763,18032,18317,18313,18216,18351,18407,18364,18692,18743,18851,18916,19039,18727,18845,18857,18899,19030,19109,19249,19097,19138,19094,19278,19044,19451,19548,19642,19523,19730,19568,19504,19725,19494,19467,19659,19758,19676,19933,19883,19710,19824,19963,20399,20084,20232,20115,20621,20151,20235,20520,20376,20413,20445,20663,20690,20671,20556,20461,20244,20261
"128","42","    Foreign","UPR020",12872,12942,13220,13135,12950,12721,13080,12870,12699,12408,12643,12730,12445,13078,13652,13128,13401,13606,13855,13866,13811,14377,14282,14539,14311,14493,14447,14624,15799,14403,14215,14355,14521,14252,14298,13973,14662,14738,14754,14976,15181,15337,15430,15602,15438,15614,15650,15279,15243,15387,15153,15019,15275,15405,15439,15339,15789,15837,16058,16238,15922,16045,16346,16724,16290,16302,16588,16685,16942,16530,17046,18299,15688,15809,16260,15909,16352,16482,16545,16621,16500,16743,16227,16731,17604,17643,17934,18056,18630,18847,18820,19055,18795,18994,19202,19507,19312,19295,19602,19932,19684,20008,20273,20696,21011,20915,20733,21335,21103,21283,21410,21691,21482,21510,22256,21712,21975,22311,22692,23603,22303,22072,22941,22653,22842,22513,22333,22734,23447,23276,25368,25024,24419,24623,25050,24832,25356,25258,26422,26910,27268,27313,27420,27430,26719,28097,27130,26906,26952,27174,26623,27017,27066,29110,29092,28149,29300,28912,29206,29680,29216,29104,28472,28326,28774,28048,28117,27811,28241,27955,27904,27634,27549,27787,27701,27511,27088,27077,26635,27802,25926,25942,25949,25868,26054,26075,25893,26287,25488,26029,25726,26348,25285,26314,26102,26404,26438,26389,26664,26216,25272,24359,25271,25111,25334,25508,26318,25933,25814,24652,24827,25112,25855,25920,25885,25484
"129",NA,"Average expenditure per car by sector:"," ",NA,NA,NA,NA,NA,NA,NA,NA,NA,NA,NA,NA,NA,NA,NA,NA,NA,NA,NA,NA,NA,NA,NA,NA,NA,NA,NA,NA,NA,NA,NA,NA,NA,NA,NA,NA,NA,NA,NA,NA,NA,NA,NA,NA,NA,NA,NA,NA,NA,NA,NA,NA,NA,NA,NA,NA,NA,NA,NA,NA,NA,NA,NA,NA,NA,NA,NA,NA,NA,NA,NA,NA,NA,NA,NA,NA,NA,NA,NA,NA,NA,NA,NA,NA,NA,NA,NA,NA,NA,NA,NA,NA,NA,NA,NA,NA,NA,NA,NA,NA,NA,NA,NA,NA,NA,NA,NA,NA,NA,NA,NA,NA,NA,NA,NA,NA,NA,NA,NA,NA,NA,NA,NA,NA,NA,NA,NA,NA,NA,NA,NA,NA,NA,NA,NA,NA,NA,NA,NA,NA,NA,NA,NA,NA,NA,NA,NA,NA,NA,NA,NA,NA,NA,NA,NA,NA,NA,NA,NA,NA,NA,NA,NA,NA,NA,NA,NA,NA,NA,NA,NA,NA,NA,NA,NA,NA,NA,NA,NA,NA,NA,NA,NA,NA,NA,NA,NA,NA,NA,NA,NA,NA,NA,NA,NA,NA,NA,NA,NA,NA,NA,NA,NA,NA,NA,NA,NA,NA,NA,NA,NA,NA,NA,NA,NA,NA
"130","43","  Business","UPR030",11195,11259,11293,11308,11450,11733,11770,11518,11550,11641,11650,11576,11507,11764,12199,12086,11991,11883,12114,12172,12210,12281,12232,12503,12415,12273,12355,12611,12703,12760,12724,12870,12919,13005,12968,13083,13111,13006,13050,13142,13266,13220,13248,13197,13326,13350,13564,13392,13527,13565,13422,13573,13302,13629,13597,13612,13663,13555,13871,13911,13399,13547,13695,13654,13728,13770,13975,13903,13939,13820,14025,14332,13950,14043,14353,14230,14253,14356,14394,14443,14675,14725,14752,14795,15001,15053,14996,15062,15157,15168,15287,15388,15459,15549,15694,16015,15830,15876,15866,15998,16205,16052,16042,16356,16298,16413,16452,16566,16586,16605,16822,16965,16697,16974,17274,17148,17526,17335,17347,17527,17062,17013,17129,17308,17241,17240,17080,17077,17105,17153,17526,17680,17190,17231,17544,17069,17296,17251,17419,17551,17735,18061,17955,18028,17686,17706,17689,17720,17900,17897,17993,18110,18127,18247,18099,18182,18567,18882,18851,19039,18991,19078,19233,19511,19442,19474,19657,19759,19639,19775,19948,19913,20091,20290,20351,20240,20229,20691,20521,20420,20729,20826,21062,20999,21302,21173,21214,21437,21130,21183,21298,21860,21380,21814,21950,21876,21964,22316,22751,22623,22351,22465,23601,23350,23741,23453,23333,23198,23243,23138,23220,23313,23781,23412,23395,23330
"131","44","  Government","ZZZZZZ0",NA,NA,NA,NA,NA,NA,NA,NA,NA,NA,NA,NA,NA,NA,NA,NA,NA,NA,NA,NA,NA,NA,NA,NA,NA,NA,NA,NA,NA,NA,NA,NA,NA,NA,NA,NA,NA,NA,NA,NA,NA,NA,NA,NA,NA,NA,NA,NA,NA,NA,NA,NA,NA,NA,NA,NA,NA,NA,NA,NA,NA,NA,NA,NA,NA,NA,NA,NA,NA,NA,NA,NA,NA,NA,NA,NA,NA,NA,NA,NA,NA,NA,NA,NA,NA,NA,NA,NA,NA,NA,NA,NA,NA,NA,NA,NA,NA,NA,NA,NA,NA,NA,NA,NA,NA,NA,NA,NA,NA,NA,NA,NA,NA,NA,NA,NA,NA,NA,NA,NA,NA,NA,NA,NA,NA,NA,NA,NA,NA,NA,NA,NA,NA,NA,NA,NA,NA,NA,NA,NA,NA,NA,NA,NA,NA,NA,NA,NA,NA,NA,NA,NA,NA,NA,NA,NA,NA,NA,NA,NA,NA,NA,NA,NA,NA,NA,NA,NA,NA,NA,NA,NA,NA,NA,NA,NA,NA,NA,NA,NA,NA,NA,NA,NA,NA,NA,NA,NA,NA,NA,NA,NA,NA,NA,NA,NA,NA,NA,NA,NA,NA,NA,NA,NA,NA,NA,NA,NA,NA,NA,NA,NA,NA,NA,NA,NA
"132","45","  Consumer","UPR050",12108,12177,12271,12267,12404,12580,12721,12413,12332,12498,12624,12559,12709,12870,13030,12990,13075,13181,13362,13364,13192,13607,13833,13623,13422,13378,13304,13507,13707,13601,13599,13709,13811,13919,13861,13713,14002,14075,14208,14210,14299,14351,14369,14460,14501,14583,14571,14425,14584,14750,14595,14662,14633,14800,14722,14693,14861,14871,15124,15114,15259,15446,15656,15693,15615,15660,15825,15905,16038,15827,16141,16856,16067,15999,16188,15989,16441,16330,16401,16518,16555,16598,16446,16525,16721,16818,16790,16908,17029,17266,17077,17127,17084,17189,17362,17694,17143,17214,17336,17541,17638,17680,17588,17763,17769,17735,17781,18123,18106,18263,18435,18579,18359,18701,19052,18997,19330,19129,19150,19447,18817,18719,18945,19092,19024,18956,18706,18832,18921,18840,19433,19484,19305,19324,19780,19337,19540,19713,20016,20538,20745,20800,20909,20797,20572,20976,20879,20942,20804,21168,20851,21125,21105,21750,21350,21317,21652,22072,21974,21920,21683,21667,21799,21819,21678,21896,21983,21761,21601,21674,21662,21660,21740,21739,22019,21683,21591,22100,21753,21704,21383,21397,21401,21356,21493,21441,21342,21607,21333,21200,21270,22006,21012,21336,21343,21519,21607,21529,22100,21662,21340,20608,21322,21197,21210,21247,21376,21236,21267,21180,21181,21078,21410,21325,21261,21094
"133",NA,"Price:"," ",NA,NA,NA,NA,NA,NA,NA,NA,NA,NA,NA,NA,NA,NA,NA,NA,NA,NA,NA,NA,NA,NA,NA,NA,NA,NA,NA,NA,NA,NA,NA,NA,NA,NA,NA,NA,NA,NA,NA,NA,NA,NA,NA,NA,NA,NA,NA,NA,NA,NA,NA,NA,NA,NA,NA,NA,NA,NA,NA,NA,NA,NA,NA,NA,NA,NA,NA,NA,NA,NA,NA,NA,NA,NA,NA,NA,NA,NA,NA,NA,NA,NA,NA,NA,NA,NA,NA,NA,NA,NA,NA,NA,NA,NA,NA,NA,NA,NA,NA,NA,NA,NA,NA,NA,NA,NA,NA,NA,NA,NA,NA,NA,NA,NA,NA,NA,NA,NA,NA,NA,NA,NA,NA,NA,NA,NA,NA,NA,NA,NA,NA,NA,NA,NA,NA,NA,NA,NA,NA,NA,NA,NA,NA,NA,NA,NA,NA,NA,NA,NA,NA,NA,NA,NA,NA,NA,NA,NA,NA,NA,NA,NA,NA,NA,NA,NA,NA,NA,NA,NA,NA,NA,NA,NA,NA,NA,NA,NA,NA,NA,NA,NA,NA,NA,NA,NA,NA,NA,NA,NA,NA,NA,NA,NA,NA,NA,NA,NA,NA,NA,NA,NA,NA,NA,NA,NA,NA,NA,NA,NA,NA,NA,NA,NA,NA,NA
"134","46","  Consumer price index for new autos","CPA431",104.5,105,105.3,105.5,105.7,106,106.1,106.4,106.7,106.9,107.2,107.2,107.8,108.1,108.4,108.9,109.9,110.7,111.2,111.5,111.8,112.3,113.2,113.6,114.1,112.9,112.8,113.5,114,114.5,115.1,115.3,115.5,115.6,116.2,115.7,115.1,115.4,115.5,115.7,116.1,116.6,117,117.5,118.5,118.5,118.3,118.2,118.4,118.6,118.9,119.1,119.3,119.2,119.2,118.9,118.7,119.5,120.2,120.9,121.2,121,120.7,120.4,120.5,120.4,120.4,120.7,120.7,121.3,121.8,122.6,123.5,124.3,124.6,124.9,125.1,125.4,125.6,125.7,125.7,126,126.3,126.8,126.9,127.1,127.4,127.7,128.1,128.3,128.5,128.9,129.1,129.2,129.5,129.7,129.9,130,130.1,130.6,131,131.1,131.6,132,132.2,132.8,133.2,133.4,133.8,134.2,134.6,134.9,135.4,135.8,136.4,136.8,137.2,137.5,137.5,137.7,138.1,138.3,138.3,138.8,139.1,139.2,139,139.1,139.2,139.3,139.9,139.9,140.2,140.5,140.8,140.8,140.9,141.4,141.6,141.8,142.4,142.3,142.1,142.2,142.1,142.1,142.2,142.1,141.9,141.8,141.7,141.6,141.3,141.4,141.2,140.7,140.9,141,141,141,140.4,140.2,140.8,141.2,140.7,140.4,140.4,140.4,140.5,140.1,139.7,139.6,139.5,139.4,139.3,139.3,139.4,139.4,139.3,139.1,139.2,139.1,139.4,139.7,139.9,139.9,140,140,139.6,139.1,139.2,139.5,139.4,139.1,138.9,139.2,139.1,138.9,138.9,138.5,138.3,138.3,139,139.5,138.6,137.7,137.7,137.5,137.2,137,136.9,136.7,137,137.2,137.2,136.8
"135",NA,NA,NA,NA,NA,NA,NA,NA,NA,NA,NA,NA,NA,NA,NA,NA,NA,NA,NA,NA,NA,NA,NA,NA,NA,NA,NA,NA,NA,NA,NA,NA,NA,NA,NA,NA,NA,NA,NA,NA,NA,NA,NA,NA,NA,NA,NA,NA,NA,NA,NA,NA,NA,NA,NA,NA,NA,NA,NA,NA,NA,NA,NA,NA,NA,NA,NA,NA,NA,NA,NA,NA,NA,NA,NA,NA,NA,NA,NA,NA,NA,NA,NA,NA,NA,NA,NA,NA,NA,NA,NA,NA,NA,NA,NA,NA,NA,NA,NA,NA,NA,NA,NA,NA,NA,NA,NA,NA,NA,NA,NA,NA,NA,NA,NA,NA,NA,NA,NA,NA,NA,NA,NA,NA,NA,NA,NA,NA,NA,NA,NA,NA,NA,NA,NA,NA,NA,NA,NA,NA,NA,NA,NA,NA,NA,NA,NA,NA,NA,NA,NA,NA,NA,NA,NA,NA,NA,NA,NA,NA,NA,NA,NA,NA,NA,NA,NA,NA,NA,NA,NA,NA,NA,NA,NA,NA,NA,NA,NA,NA,NA,NA,NA,NA,NA,NA,NA,NA,NA,NA,NA,NA,NA,NA,NA,NA,NA,NA,NA,NA,NA,NA,NA,NA,NA,NA,NA,NA,NA,NA,NA,NA,NA,NA,NA,NA,NA,NA,NA
"136","1.  Source: ""Ward's Automotive Reports""",NA,NA,NA,NA,NA,NA,NA,NA,NA,NA,NA,NA,NA,NA,NA,NA,NA,NA,NA,NA,NA,NA,NA,NA,NA,NA,NA,NA,NA,NA,NA,NA,NA,NA,NA,NA,NA,NA,NA,NA,NA,NA,NA,NA,NA,NA,NA,NA,NA,NA,NA,NA,NA,NA,NA,NA,NA,NA,NA,NA,NA,NA,NA,NA,NA,NA,NA,NA,NA,NA,NA,NA,NA,NA,NA,NA,NA,NA,NA,NA,NA,NA,NA,NA,NA,NA,NA,NA,NA,NA,NA,NA,NA,NA,NA,NA,NA,NA,NA,NA,NA,NA,NA,NA,NA,NA,NA,NA,NA,NA,NA,NA,NA,NA,NA,NA,NA,NA,NA,NA,NA,NA,NA,NA,NA,NA,NA,NA,NA,NA,NA,NA,NA,NA,NA,NA,NA,NA,NA,NA,NA,NA,NA,NA,NA,NA,NA,NA,NA,NA,NA,NA,NA,NA,NA,NA,NA,NA,NA,NA,NA,NA,NA,NA,NA,NA,NA,NA,NA,NA,NA,NA,NA,NA,NA,NA,NA,NA,NA,NA,NA,NA,NA,NA,NA,NA,NA,NA,NA,NA,NA,NA,NA,NA,NA,NA,NA,NA,NA,NA,NA,NA,NA,NA,NA,NA,NA,NA,NA,NA,NA,NA,NA,NA,NA,NA,NA,NA
"137","FRB  Federal Reserve Board",NA,NA,NA,NA,NA,NA,NA,NA,NA,NA,NA,NA,NA,NA,NA,NA,NA,NA,NA,NA,NA,NA,NA,NA,NA,NA,NA,NA,NA,NA,NA,NA,NA,NA,NA,NA,NA,NA,NA,NA,NA,NA,NA,NA,NA,NA,NA,NA,NA,NA,NA,NA,NA,NA,NA,NA,NA,NA,NA,NA,NA,NA,NA,NA,NA,NA,NA,NA,NA,NA,NA,NA,NA,NA,NA,NA,NA,NA,NA,NA,NA,NA,NA,NA,NA,NA,NA,NA,NA,NA,NA,NA,NA,NA,NA,NA,NA,NA,NA,NA,NA,NA,NA,NA,NA,NA,NA,NA,NA,NA,NA,NA,NA,NA,NA,NA,NA,NA,NA,NA,NA,NA,NA,NA,NA,NA,NA,NA,NA,NA,NA,NA,NA,NA,NA,NA,NA,NA,NA,NA,NA,NA,NA,NA,NA,NA,NA,NA,NA,NA,NA,NA,NA,NA,NA,NA,NA,NA,NA,NA,NA,NA,NA,NA,NA,NA,NA,NA,NA,NA,NA,NA,NA,NA,NA,NA,NA,NA,NA,NA,NA,NA,NA,NA,NA,NA,NA,NA,NA,NA,NA,NA,NA,NA,NA,NA,NA,NA,NA,NA,NA,NA,NA,NA,NA,NA,NA,NA,NA,NA,NA,NA,NA,NA,NA,NA,NA,NA
"138","SAAR Seasonally adjusted at annual rates",NA,NA,NA,NA,NA,NA,NA,NA,NA,NA,NA,NA,NA,NA,NA,NA,NA,NA,NA,NA,NA,NA,NA,NA,NA,NA,NA,NA,NA,NA,NA,NA,NA,NA,NA,NA,NA,NA,NA,NA,NA,NA,NA,NA,NA,NA,NA,NA,NA,NA,NA,NA,NA,NA,NA,NA,NA,NA,NA,NA,NA,NA,NA,NA,NA,NA,NA,NA,NA,NA,NA,NA,NA,NA,NA,NA,NA,NA,NA,NA,NA,NA,NA,NA,NA,NA,NA,NA,NA,NA,NA,NA,NA,NA,NA,NA,NA,NA,NA,NA,NA,NA,NA,NA,NA,NA,NA,NA,NA,NA,NA,NA,NA,NA,NA,NA,NA,NA,NA,NA,NA,NA,NA,NA,NA,NA,NA,NA,NA,NA,NA,NA,NA,NA,NA,NA,NA,NA,NA,NA,NA,NA,NA,NA,NA,NA,NA,NA,NA,NA,NA,NA,NA,NA,NA,NA,NA,NA,NA,NA,NA,NA,NA,NA,NA,NA,NA,NA,NA,NA,NA,NA,NA,NA,NA,NA,NA,NA,NA,NA,NA,NA,NA,NA,NA,NA,NA,NA,NA,NA,NA,NA,NA,NA,NA,NA,NA,NA,NA,NA,NA,NA,NA,NA,NA,NA,NA,NA,NA,NA,NA,NA,NA,NA,NA,NA,NA,NA
"139","GVW  Gross vehicle weight",NA,NA,NA,NA,NA,NA,NA,NA,NA,NA,NA,NA,NA,NA,NA,NA,NA,NA,NA,NA,NA,NA,NA,NA,NA,NA,NA,NA,NA,NA,NA,NA,NA,NA,NA,NA,NA,NA,NA,NA,NA,NA,NA,NA,NA,NA,NA,NA,NA,NA,NA,NA,NA,NA,NA,NA,NA,NA,NA,NA,NA,NA,NA,NA,NA,NA,NA,NA,NA,NA,NA,NA,NA,NA,NA,NA,NA,NA,NA,NA,NA,NA,NA,NA,NA,NA,NA,NA,NA,NA,NA,NA,NA,NA,NA,NA,NA,NA,NA,NA,NA,NA,NA,NA,NA,NA,NA,NA,NA,NA,NA,NA,NA,NA,NA,NA,NA,NA,NA,NA,NA,NA,NA,NA,NA,NA,NA,NA,NA,NA,NA,NA,NA,NA,NA,NA,NA,NA,NA,NA,NA,NA,NA,NA,NA,NA,NA,NA,NA,NA,NA,NA,NA,NA,NA,NA,NA,NA,NA,NA,NA,NA,NA,NA,NA,NA,NA,NA,NA,NA,NA,NA,NA,NA,NA,NA,NA,NA,NA,NA,NA,NA,NA,NA,NA,NA,NA,NA,NA,NA,NA,NA,NA,NA,NA,NA,NA,NA,NA,NA,NA,NA,NA,NA,NA,NA,NA,NA,NA,NA,NA,NA,NA,NA,NA,NA,NA,NA
"140","NSA  Not seasonally adjusted",NA,NA,NA,NA,NA,NA,NA,NA,NA,NA,NA,NA,NA,NA,NA,NA,NA,NA,NA,NA,NA,NA,NA,NA,NA,NA,NA,NA,NA,NA,NA,NA,NA,NA,NA,NA,NA,NA,NA,NA,NA,NA,NA,NA,NA,NA,NA,NA,NA,NA,NA,NA,NA,NA,NA,NA,NA,NA,NA,NA,NA,NA,NA,NA,NA,NA,NA,NA,NA,NA,NA,NA,NA,NA,NA,NA,NA,NA,NA,NA,NA,NA,NA,NA,NA,NA,NA,NA,NA,NA,NA,NA,NA,NA,NA,NA,NA,NA,NA,NA,NA,NA,NA,NA,NA,NA,NA,NA,NA,NA,NA,NA,NA,NA,NA,NA,NA,NA,NA,NA,NA,NA,NA,NA,NA,NA,NA,NA,NA,NA,NA,NA,NA,NA,NA,NA,NA,NA,NA,NA,NA,NA,NA,NA,NA,NA,NA,NA,NA,NA,NA,NA,NA,NA,NA,NA,NA,NA,NA,NA,NA,NA,NA,NA,NA,NA,NA,NA,NA,NA,NA,NA,NA,NA,NA,NA,NA,NA,NA,NA,NA,NA,NA,NA,NA,NA,NA,NA,NA,NA,NA,NA,NA,NA,NA,NA,NA,NA,NA,NA,NA,NA,NA,NA,NA,NA,NA,NA,NA,NA,NA,NA,NA,NA,NA,NA,NA,NA
"141","SA   Seasonally adjusted",NA,NA,NA,NA,NA,NA,NA,NA,NA,NA,NA,NA,NA,NA,NA,NA,NA,NA,NA,NA,NA,NA,NA,NA,NA,NA,NA,NA,NA,NA,NA,NA,NA,NA,NA,NA,NA,NA,NA,NA,NA,NA,NA,NA,NA,NA,NA,NA,NA,NA,NA,NA,NA,NA,NA,NA,NA,NA,NA,NA,NA,NA,NA,NA,NA,NA,NA,NA,NA,NA,NA,NA,NA,NA,NA,NA,NA,NA,NA,NA,NA,NA,NA,NA,NA,NA,NA,NA,NA,NA,NA,NA,NA,NA,NA,NA,NA,NA,NA,NA,NA,NA,NA,NA,NA,NA,NA,NA,NA,NA,NA,NA,NA,NA,NA,NA,NA,NA,NA,NA,NA,NA,NA,NA,NA,NA,NA,NA,NA,NA,NA,NA,NA,NA,NA,NA,NA,NA,NA,NA,NA,NA,NA,NA,NA,NA,NA,NA,NA,NA,NA,NA,NA,NA,NA,NA,NA,NA,NA,NA,NA,NA,NA,NA,NA,NA,NA,NA,NA,NA,NA,NA,NA,NA,NA,NA,NA,NA,NA,NA,NA,NA,NA,NA,NA,NA,NA,NA,NA,NA,NA,NA,NA,NA,NA,NA,NA,NA,NA,NA,NA,NA,NA,NA,NA,NA,NA,NA,NA,NA,NA,NA,NA,NA,NA,NA,NA,NA
"142",NA,NA,NA,NA,NA,NA,NA,NA,NA,NA,NA,NA,NA,NA,NA,NA,NA,NA,NA,NA,NA,NA,NA,NA,NA,NA,NA,NA,NA,NA,NA,NA,NA,NA,NA,NA,NA,NA,NA,NA,NA,NA,NA,NA,NA,NA,NA,NA,NA,NA,NA,NA,NA,NA,NA,NA,NA,NA,NA,NA,NA,NA,NA,NA,NA,NA,NA,NA,NA,NA,NA,NA,NA,NA,NA,NA,NA,NA,NA,NA,NA,NA,NA,NA,NA,NA,NA,NA,NA,NA,NA,NA,NA,NA,NA,NA,NA,NA,NA,NA,NA,NA,NA,NA,NA,NA,NA,NA,NA,NA,NA,NA,NA,NA,NA,NA,NA,NA,NA,NA,NA,NA,NA,NA,NA,NA,NA,NA,NA,NA,NA,NA,NA,NA,NA,NA,NA,NA,NA,NA,NA,NA,NA,NA,NA,NA,NA,NA,NA,NA,NA,NA,NA,NA,NA,NA,NA,NA,NA,NA,NA,NA,NA,NA,NA,NA,NA,NA,NA,NA,NA,NA,NA,NA,NA,NA,NA,NA,NA,NA,NA,NA,NA,NA,NA,NA,NA,NA,NA,NA,NA,NA,NA,NA,NA,NA,NA,NA,NA,NA,NA,NA,NA,NA,NA,NA,NA,NA,NA,NA,NA,NA,NA,NA,NA,NA,NA,NA,NA
"143",NA,NA,NA,NA,NA,NA,NA,NA,NA,NA,NA,NA,NA,NA,NA,NA,NA,NA,NA,NA,NA,NA,NA,NA,NA,NA,NA,NA,NA,NA,NA,NA,NA,NA,NA,NA,NA,NA,NA,NA,NA,NA,NA,NA,NA,NA,NA,NA,NA,NA,NA,NA,NA,NA,NA,NA,NA,NA,NA,NA,NA,NA,NA,NA,NA,NA,NA,NA,NA,NA,NA,NA,NA,NA,NA,NA,NA,NA,NA,NA,NA,NA,NA,NA,NA,NA,NA,NA,NA,NA,NA,NA,NA,NA,NA,NA,NA,NA,NA,NA,NA,NA,NA,NA,NA,NA,NA,NA,NA,NA,NA,NA,NA,NA,NA,NA,NA,NA,NA,NA,NA,NA,NA,NA,NA,NA,NA,NA,NA,NA,NA,NA,NA,NA,NA,NA,NA,NA,NA,NA,NA,NA,NA,NA,NA,NA,NA,NA,NA,NA,NA,NA,NA,NA,NA,NA,NA,NA,NA,NA,NA,NA,NA,NA,NA,NA,NA,NA,NA,NA,NA,NA,NA,NA,NA,NA,NA,NA,NA,NA,NA,NA,NA,NA,NA,NA,NA,NA,NA,NA,NA,NA,NA,NA,NA,NA,NA,NA,NA,NA,NA,NA,NA,NA,NA,NA,NA,NA,NA,NA,NA,NA,NA,NA,NA,NA,NA,NA,NA
"144",NA,NA,NA,NA,NA,NA,NA,NA,NA,NA,NA,NA,NA,NA,NA,NA,NA,NA,NA,NA,NA,NA,NA,NA,NA,NA,NA,NA,NA,NA,NA,NA,NA,NA,NA,NA,NA,NA,NA,NA,NA,NA,NA,NA,NA,NA,NA,NA,NA,NA,NA,NA,NA,NA,NA,NA,NA,NA,NA,NA,NA,NA,NA,NA,NA,NA,NA,NA,NA,NA,NA,NA,NA,NA,NA,NA,NA,NA,NA,NA,NA,NA,NA,NA,NA,NA,NA,NA,NA,NA,NA,NA,NA,NA,NA,NA,NA,NA,NA,NA,NA,NA,NA,NA,NA,NA,NA,NA,NA,NA,NA,NA,NA,NA,NA,NA,NA,NA,NA,NA,NA,NA,NA,NA,NA,NA,NA,NA,NA,NA,NA,NA,NA,NA,NA,NA,NA,NA,NA,NA,NA,NA,NA,NA,NA,NA,NA,NA,NA,NA,NA,NA,NA,NA,NA,NA,NA,NA,NA,NA,NA,NA,NA,NA,NA,NA,NA,NA,NA,NA,NA,NA,NA,NA,NA,NA,NA,NA,NA,NA,NA,NA,NA,NA,NA,NA,NA,NA,NA,NA,NA,NA,NA,NA,NA,NA,NA,NA,NA,NA,NA,NA,NA,NA,NA,NA,NA,NA,NA,NA,NA,NA,NA,NA,NA,NA,NA,NA,NA
"145","Line",NA,NA,2003,2003,2003,2003,2003,2003,2003,2003,2003,2003,2003,2003,2004,2004,2004,2004,2004,2004,2004,2004,2004,2004,2004,2004,2005,2005,2005,2005,2005,2005,2005,2005,2005,2005,2005,2005,2006,2006,2006,2006,2006,2006,2006,2006,2006,2006,2006,2006,2007,2007,2007,2007,2007,2007,2007,2007,2007,2007,2007,2007,2008,2008,2008,2008,2008,2008,2008,2008,2008,2008,2008,2008,2009,2009,2009,2009,2009,2009,2009,2009,2009,2009,2009,2009,2010,2010,2010,2010,2010,NA,NA,NA,NA,NA,NA,NA,NA,NA,NA,NA,NA,NA,NA,NA,NA,NA,NA,NA,NA,NA,NA,NA,NA,NA,NA,NA,NA,NA,NA,NA,NA,NA,NA,NA,NA,NA,NA,NA,NA,NA,NA,NA,NA,NA,NA,NA,NA,NA,NA,NA,NA,NA,NA,NA,NA,NA,NA,NA,NA,NA,NA,NA,NA,NA,NA,NA,NA,NA,NA,NA,NA,NA,NA,NA,NA,NA,NA,NA,NA,NA,NA,NA,NA,NA,NA,NA,NA,NA,NA,NA,NA,NA,NA,NA,NA,NA,NA,NA,NA,NA,NA,NA,NA,NA,NA,NA,NA,NA,NA,NA,NA,NA,NA,NA,NA,NA,NA,NA,NA,NA,NA,NA,NA,NA,NA,NA
"146",NA,NA,NA,1,2,3,4,5,6,7,8,9,10,11,12,1,2,3,4,5,6,7,8,9,10,11,12,1,2,3,4,5,6,7,8,9,10,11,12,1,2,3,4,5,6,7,8,9,10,11,12,1,2,3,4,5,6,7,8,9,10,11,12,1,2,3,4,5,6,7,8,9,10,11,12,1,2,3,4,5,6,7,8,9,10,11,12,1,2,3,4,5,NA,NA,NA,NA,NA,NA,NA,NA,NA,NA,NA,NA,NA,NA,NA,NA,NA,NA,NA,NA,NA,NA,NA,NA,NA,NA,NA,NA,NA,NA,NA,NA,NA,NA,NA,NA,NA,NA,NA,NA,NA,NA,NA,NA,NA,NA,NA,NA,NA,NA,NA,NA,NA,NA,NA,NA,NA,NA,NA,NA,NA,NA,NA,NA,NA,NA,NA,NA,NA,NA,NA,NA,NA,NA,NA,NA,NA,NA,NA,NA,NA,NA,NA,NA,NA,NA,NA,NA,NA,NA,NA,NA,NA,NA,NA,NA,NA,NA,NA,NA,NA,NA,NA,NA,NA,NA,NA,NA,NA,NA,NA,NA,NA,NA,NA,NA,NA,NA,NA,NA,NA,NA,NA,NA,NA,NA,NA
"147",NA,"Unit auto sales:"," ",NA,NA,NA,NA,NA,NA,NA,NA,NA,NA,NA,NA,NA,NA,NA,NA,NA,NA,NA,NA,NA,NA,NA,NA,NA,NA,NA,NA,NA,NA,NA,NA,NA,NA,NA,NA,NA,NA,NA,NA,NA,NA,NA,NA,NA,NA,NA,NA,NA,NA,NA,NA,NA,NA,NA,NA,NA,NA,NA,NA,NA,NA,NA,NA,NA,NA,NA,NA,NA,NA,NA,NA,NA,NA,NA,NA,NA,NA,NA,NA,NA,NA,NA,NA,NA,NA,NA,NA,NA,NA,NA,NA,NA,NA,NA,NA,NA,NA,NA,NA,NA,NA,NA,NA,NA,NA,NA,NA,NA,NA,NA,NA,NA,NA,NA,NA,NA,NA,NA,NA,NA,NA,NA,NA,NA,NA,NA,NA,NA,NA,NA,NA,NA,NA,NA,NA,NA,NA,NA,NA,NA,NA,NA,NA,NA,NA,NA,NA,NA,NA,NA,NA,NA,NA,NA,NA,NA,NA,NA,NA,NA,NA,NA,NA,NA,NA,NA,NA,NA,NA,NA,NA,NA,NA,NA,NA,NA,NA,NA,NA,NA,NA,NA,NA,NA,NA,NA,NA,NA,NA,NA,NA,NA,NA,NA,NA,NA,NA,NA,NA,NA,NA,NA,NA,NA,NA,NA,NA,NA,NA,NA,NA,NA,NA,NA,NA
"148",NA,"  Not seasonally adjusted (Thousands):"," ",NA,NA,NA,NA,NA,NA,NA,NA,NA,NA,NA,NA,NA,NA,NA,NA,NA,NA,NA,NA,NA,NA,NA,NA,NA,NA,NA,NA,NA,NA,NA,NA,NA,NA,NA,NA,NA,NA,NA,NA,NA,NA,NA,NA,NA,NA,NA,NA,NA,NA,NA,NA,NA,NA,NA,NA,NA,NA,NA,NA,NA,NA,NA,NA,NA,NA,NA,NA,NA,NA,NA,NA,NA,NA,NA,NA,NA,NA,NA,NA,NA,NA,NA,NA,NA,NA,NA,NA,NA,NA,NA,NA,NA,NA,NA,NA,NA,NA,NA,NA,NA,NA,NA,NA,NA,NA,NA,NA,NA,NA,NA,NA,NA,NA,NA,NA,NA,NA,NA,NA,NA,NA,NA,NA,NA,NA,NA,NA,NA,NA,NA,NA,NA,NA,NA,NA,NA,NA,NA,NA,NA,NA,NA,NA,NA,NA,NA,NA,NA,NA,NA,NA,NA,NA,NA,NA,NA,NA,NA,NA,NA,NA,NA,NA,NA,NA,NA,NA,NA,NA,NA,NA,NA,NA,NA,NA,NA,NA,NA,NA,NA,NA,NA,NA,NA,NA,NA,NA,NA,NA,NA,NA,NA,NA,NA,NA,NA,NA,NA,NA,NA,NA,NA,NA,NA,NA,NA,NA,NA,NA,NA,NA,NA,NA,NA,NA
"149","1","    Total","NSAT1",543.5,579.6,692.2,653,726.9,688.6,680.1,738.1,596,573.8,557.7,581,495.5,582.2,693.4,644,745.2,674.3,687.2,641.4,610.9,589.6,523,658.4,491.3,576.7,724.4,719.9,695.1,710.7,716.5,702.4,649.6,565.6,544.7,622.9,562,573.5,696.1,715.7,734.8,719.1,717.4,724.9,639,549,538.6,650.6,510.3,564.9,723.9,626.8,781.3,721.8,621.8,683.5,616.3,564.4,568.8,634.6,499.2,559.3,683.8,661,799,664.4,622.6,631.2,481,429.5,359.8,422.7,315.2,340.8,445.6,429.7,484.1,456.2,550.3,721.5,398.2,427.3,374.7,512.6,361.7,399.2,541,501.3,562.8,NA,NA,NA,NA,NA,NA,NA,NA,NA,NA,NA,NA,NA,NA,NA,NA,NA,NA,NA,NA,NA,NA,NA,NA,NA,NA,NA,NA,NA,NA,NA,NA,NA,NA,NA,NA,NA,NA,NA,NA,NA,NA,NA,NA,NA,NA,NA,NA,NA,NA,NA,NA,NA,NA,NA,NA,NA,NA,NA,NA,NA,NA,NA,NA,NA,NA,NA,NA,NA,NA,NA,NA,NA,NA,NA,NA,NA,NA,NA,NA,NA,NA,NA,NA,NA,NA,NA,NA,NA,NA,NA,NA,NA,NA,NA,NA,NA,NA,NA,NA,NA,NA,NA,NA,NA,NA,NA,NA,NA,NA,NA,NA,NA,NA,NA,NA,NA,NA,NA,NA,NA,NA,NA,NA,NA,NA,NA
"150","2","      Domestic","NSAD1",385.6,419.4,502.2,475.8,534.9,514.4,494.1,535.2,433.8,417.4,398.3,416.4,360.9,427,504.4,456.1,542.2,485.4,497.6,459.4,439.7,402.8,358.4,462.3,354,418.8,522.7,515.4,499.8,510.6,513.2,504.1,466.4,400,388.4,439.6,422.8,426.3,499.6,505.9,511.2,500.6,487.5,498.6,446.2,378.6,362,436.8,348.9,393.8,493.3,429.8,541.4,500.8,419.5,476.1,431.7,387.9,392.6,437.6,350.1,391.1,452.5,426.5,524.1,427.9,391.8,418.6,338.2,289.3,235.8,289.4,202.4,219.9,286.8,282.8,319.4,300.1,360.4,477.6,267.7,288,255.2,358.8,245.5,278.8,382.8,351.2,397.3,NA,NA,NA,NA,NA,NA,NA,NA,NA,NA,NA,NA,NA,NA,NA,NA,NA,NA,NA,NA,NA,NA,NA,NA,NA,NA,NA,NA,NA,NA,NA,NA,NA,NA,NA,NA,NA,NA,NA,NA,NA,NA,NA,NA,NA,NA,NA,NA,NA,NA,NA,NA,NA,NA,NA,NA,NA,NA,NA,NA,NA,NA,NA,NA,NA,NA,NA,NA,NA,NA,NA,NA,NA,NA,NA,NA,NA,NA,NA,NA,NA,NA,NA,NA,NA,NA,NA,NA,NA,NA,NA,NA,NA,NA,NA,NA,NA,NA,NA,NA,NA,NA,NA,NA,NA,NA,NA,NA,NA,NA,NA,NA,NA,NA,NA,NA,NA,NA,NA,NA,NA,NA,NA,NA,NA,NA,NA
"151","3","      Foreign","NSAF1",157.9,160.2,190,177.2,192,174.2,186,202.9,162.2,156.4,159.4,164.6,134.6,155.2,189,187.9,203,188.9,189.6,182,171.2,186.8,164.6,196.1,137.3,157.9,201.7,204.5,195.3,200.1,203.3,198.3,183.2,165.6,156.3,183.3,139.2,147.2,196.5,209.8,223.6,218.5,229.9,226.3,192.8,170.4,176.6,213.8,161.4,171.1,230.6,197,239.9,221,202.3,207.4,184.6,176.5,176.2,197,149.1,168.2,231.3,234.5,274.9,236.5,230.8,212.6,142.8,140.2,124,133.3,112.8,120.9,158.8,146.9,164.7,156.1,189.9,243.9,130.5,139.3,119.5,153.8,116.2,120.4,158.3,150.1,165.4,NA,NA,NA,NA,NA,NA,NA,NA,NA,NA,NA,NA,NA,NA,NA,NA,NA,NA,NA,NA,NA,NA,NA,NA,NA,NA,NA,NA,NA,NA,NA,NA,NA,NA,NA,NA,NA,NA,NA,NA,NA,NA,NA,NA,NA,NA,NA,NA,NA,NA,NA,NA,NA,NA,NA,NA,NA,NA,NA,NA,NA,NA,NA,NA,NA,NA,NA,NA,NA,NA,NA,NA,NA,NA,NA,NA,NA,NA,NA,NA,NA,NA,NA,NA,NA,NA,NA,NA,NA,NA,NA,NA,NA,NA,NA,NA,NA,NA,NA,NA,NA,NA,NA,NA,NA,NA,NA,NA,NA,NA,NA,NA,NA,NA,NA,NA,NA,NA,NA,NA,NA,NA,NA,NA,NA,NA,NA
"152",NA,"  Seasonally adjusted at annual rates (Millions):"," ",NA,NA,NA,NA,NA,NA,NA,NA,NA,NA,NA,NA,NA,NA,NA,NA,NA,NA,NA,NA,NA,NA,NA,NA,NA,NA,NA,NA,NA,NA,NA,NA,NA,NA,NA,NA,NA,NA,NA,NA,NA,NA,NA,NA,NA,NA,NA,NA,NA,NA,NA,NA,NA,NA,NA,NA,NA,NA,NA,NA,NA,NA,NA,NA,NA,NA,NA,NA,NA,NA,NA,NA,NA,NA,NA,NA,NA,NA,NA,NA,NA,NA,NA,NA,NA,NA,NA,NA,NA,NA,NA,NA,NA,NA,NA,NA,NA,NA,NA,NA,NA,NA,NA,NA,NA,NA,NA,NA,NA,NA,NA,NA,NA,NA,NA,NA,NA,NA,NA,NA,NA,NA,NA,NA,NA,NA,NA,NA,NA,NA,NA,NA,NA,NA,NA,NA,NA,NA,NA,NA,NA,NA,NA,NA,NA,NA,NA,NA,NA,NA,NA,NA,NA,NA,NA,NA,NA,NA,NA,NA,NA,NA,NA,NA,NA,NA,NA,NA,NA,NA,NA,NA,NA,NA,NA,NA,NA,NA,NA,NA,NA,NA,NA,NA,NA,NA,NA,NA,NA,NA,NA,NA,NA,NA,NA,NA,NA,NA,NA,NA,NA,NA,NA,NA,NA,NA,NA,NA,NA,NA,NA,NA,NA,NA,NA,NA
"153","4","    Total","SAART3",8.115,7.526,7.67,7.442,7.305,7.688,7.625,7.871,7.627,7.249,7.796,7.462,7.11,7.626,7.769,7.328,7.911,7.297,7.443,7.298,7.424,7.65,7.601,8.083,7.51,7.622,7.821,8.004,7.566,7.566,8.077,7.851,7.997,7.456,7.667,7.507,8.672,7.641,7.503,7.983,7.685,7.653,8.166,7.758,7.721,7.554,7.488,8.024,7.777,7.615,7.542,7.368,7.835,7.586,7.313,7.397,7.566,7.645,8.009,7.768,7.535,7.527,7.571,7.498,7.846,7.548,6.976,6.8,6.315,5.729,5.157,5.26,4.673,4.654,5.038,4.737,4.855,5.003,6.158,7.985,4.968,5.448,5.595,5.947,5.652,5.449,5.993,5.563,5.578,NA,NA,NA,NA,NA,NA,NA,NA,NA,NA,NA,NA,NA,NA,NA,NA,NA,NA,NA,NA,NA,NA,NA,NA,NA,NA,NA,NA,NA,NA,NA,NA,NA,NA,NA,NA,NA,NA,NA,NA,NA,NA,NA,NA,NA,NA,NA,NA,NA,NA,NA,NA,NA,NA,NA,NA,NA,NA,NA,NA,NA,NA,NA,NA,NA,NA,NA,NA,NA,NA,NA,NA,NA,NA,NA,NA,NA,NA,NA,NA,NA,NA,NA,NA,NA,NA,NA,NA,NA,NA,NA,NA,NA,NA,NA,NA,NA,NA,NA,NA,NA,NA,NA,NA,NA,NA,NA,NA,NA,NA,NA,NA,NA,NA,NA,NA,NA,NA,NA,NA,NA,NA,NA,NA,NA,NA,NA
"154","5","      Domestic","SAARD3",5.824,5.32,5.494,5.412,5.327,5.646,5.574,5.764,5.531,5.294,5.662,5.48,5.215,5.485,5.611,5.185,5.686,5.189,5.452,5.252,5.324,5.231,5.326,5.796,5.418,5.416,5.635,5.75,5.41,5.371,5.84,5.642,5.73,5.258,5.554,5.377,6.51,5.584,5.381,5.644,5.317,5.309,5.632,5.341,5.332,5.183,5.086,5.395,5.298,5.213,5.156,5.068,5.428,5.278,5.038,5.161,5.216,5.246,5.59,5.348,5.22,5.159,4.998,4.872,5.146,4.858,4.511,4.514,4.336,3.838,3.389,3.582,2.97,2.933,3.258,3.14,3.211,3.312,4.159,5.266,3.268,3.654,3.815,4.148,3.797,3.734,4.271,3.931,3.948,NA,NA,NA,NA,NA,NA,NA,NA,NA,NA,NA,NA,NA,NA,NA,NA,NA,NA,NA,NA,NA,NA,NA,NA,NA,NA,NA,NA,NA,NA,NA,NA,NA,NA,NA,NA,NA,NA,NA,NA,NA,NA,NA,NA,NA,NA,NA,NA,NA,NA,NA,NA,NA,NA,NA,NA,NA,NA,NA,NA,NA,NA,NA,NA,NA,NA,NA,NA,NA,NA,NA,NA,NA,NA,NA,NA,NA,NA,NA,NA,NA,NA,NA,NA,NA,NA,NA,NA,NA,NA,NA,NA,NA,NA,NA,NA,NA,NA,NA,NA,NA,NA,NA,NA,NA,NA,NA,NA,NA,NA,NA,NA,NA,NA,NA,NA,NA,NA,NA,NA,NA,NA,NA,NA,NA,NA,NA
"155","6","      Foreign","SAARF3",2.291,2.206,2.176,2.03,1.978,2.042,2.051,2.107,2.096,1.955,2.134,1.982,1.895,2.141,2.158,2.143,2.225,2.108,1.991,2.046,2.1,2.419,2.275,2.287,2.092,2.206,2.186,2.254,2.156,2.195,2.237,2.209,2.267,2.198,2.113,2.13,2.162,2.057,2.122,2.339,2.368,2.344,2.534,2.417,2.389,2.371,2.402,2.629,2.479,2.402,2.386,2.3,2.407,2.308,2.275,2.236,2.35,2.399,2.419,2.42,2.315,2.368,2.573,2.626,2.7,2.69,2.465,2.286,1.979,1.891,1.768,1.678,1.703,1.721,1.78,1.597,1.644,1.691,1.999,2.719,1.7,1.794,1.78,1.799,1.855,1.715,1.722,1.632,1.63,NA,NA,NA,NA,NA,NA,NA,NA,NA,NA,NA,NA,NA,NA,NA,NA,NA,NA,NA,NA,NA,NA,NA,NA,NA,NA,NA,NA,NA,NA,NA,NA,NA,NA,NA,NA,NA,NA,NA,NA,NA,NA,NA,NA,NA,NA,NA,NA,NA,NA,NA,NA,NA,NA,NA,NA,NA,NA,NA,NA,NA,NA,NA,NA,NA,NA,NA,NA,NA,NA,NA,NA,NA,NA,NA,NA,NA,NA,NA,NA,NA,NA,NA,NA,NA,NA,NA,NA,NA,NA,NA,NA,NA,NA,NA,NA,NA,NA,NA,NA,NA,NA,NA,NA,NA,NA,NA,NA,NA,NA,NA,NA,NA,NA,NA,NA,NA,NA,NA,NA,NA,NA,NA,NA,NA,NA,NA
"156","7","      Domestic sales, FRB estimate","FRBSAL3",5.774,5.281,5.435,5.37,5.286,5.602,5.52,5.707,5.491,5.251,5.62,5.436,5.14,5.405,5.546,5.107,5.622,5.124,5.353,5.172,5.254,5.144,5.225,5.696,5.35,5.349,5.568,5.679,5.35,5.301,5.774,5.579,5.67,5.188,5.494,5.299,6.48,5.548,5.342,5.615,5.284,5.265,5.58,5.302,5.299,5.144,5.041,5.33,5.235,5.153,5.101,5.018,5.373,5.219,4.983,5.11,5.156,5.186,5.517,5.275,5.159,5.088,4.918,4.785,5.057,4.761,4.427,4.429,4.258,3.762,3.306,3.487,2.934,2.902,3.217,3.104,3.177,3.271,4.102,5.202,3.216,3.572,3.718,4.051,3.712,3.651,4.186,3.844,3.872,NA,NA,NA,NA,NA,NA,NA,NA,NA,NA,NA,NA,NA,NA,NA,NA,NA,NA,NA,NA,NA,NA,NA,NA,NA,NA,NA,NA,NA,NA,NA,NA,NA,NA,NA,NA,NA,NA,NA,NA,NA,NA,NA,NA,NA,NA,NA,NA,NA,NA,NA,NA,NA,NA,NA,NA,NA,NA,NA,NA,NA,NA,NA,NA,NA,NA,NA,NA,NA,NA,NA,NA,NA,NA,NA,NA,NA,NA,NA,NA,NA,NA,NA,NA,NA,NA,NA,NA,NA,NA,NA,NA,NA,NA,NA,NA,NA,NA,NA,NA,NA,NA,NA,NA,NA,NA,NA,NA,NA,NA,NA,NA,NA,NA,NA,NA,NA,NA,NA,NA,NA,NA,NA,NA,NA,NA,NA
"157",NA,"  New unit sales by sector (Thousands, SAAR)"," ",NA,NA,NA,NA,NA,NA,NA,NA,NA,NA,NA,NA,NA,NA,NA,NA,NA,NA,NA,NA,NA,NA,NA,NA,NA,NA,NA,NA,NA,NA,NA,NA,NA,NA,NA,NA,NA,NA,NA,NA,NA,NA,NA,NA,NA,NA,NA,NA,NA,NA,NA,NA,NA,NA,NA,NA,NA,NA,NA,NA,NA,NA,NA,NA,NA,NA,NA,NA,NA,NA,NA,NA,NA,NA,NA,NA,NA,NA,NA,NA,NA,NA,NA,NA,NA,NA,NA,NA,NA,NA,NA,NA,NA,NA,NA,NA,NA,NA,NA,NA,NA,NA,NA,NA,NA,NA,NA,NA,NA,NA,NA,NA,NA,NA,NA,NA,NA,NA,NA,NA,NA,NA,NA,NA,NA,NA,NA,NA,NA,NA,NA,NA,NA,NA,NA,NA,NA,NA,NA,NA,NA,NA,NA,NA,NA,NA,NA,NA,NA,NA,NA,NA,NA,NA,NA,NA,NA,NA,NA,NA,NA,NA,NA,NA,NA,NA,NA,NA,NA,NA,NA,NA,NA,NA,NA,NA,NA,NA,NA,NA,NA,NA,NA,NA,NA,NA,NA,NA,NA,NA,NA,NA,NA,NA,NA,NA,NA,NA,NA,NA,NA,NA,NA,NA,NA,NA,NA,NA,NA,NA,NA,NA,NA,NA,NA,NA
"158","8","    Business","AUTO351",3276.9,3088.8,3040.3,2912.7,2875.7,3161.6,3099.1,2965.7,3364.4,2908.1,3089.1,3108.4,2649.2,3014.3,3065.5,2945.7,3282.4,3041,3119.2,3117.9,3060.7,3159.7,3091.3,3386.6,2993.5,3155.6,3202.7,2992.1,3231.5,3040.8,3158.7,3160.8,3375.7,3120.4,3385.9,3207.8,3777.8,3195.4,3198,3257.6,3109.4,3163.3,3216.9,3072.1,3235.2,3147.5,3116.2,3376.5,3228.7,3190.1,3101.7,3115.1,3341.3,3306.3,3317.9,3316.7,3354.9,3177.2,3431.8,3108.8,2932.8,3037.7,3233.3,3092.8,3135.1,3104.3,3067.1,2862.7,2883.8,2346.2,2050.1,2085.6,1595.3,1573.4,1890.2,2089.4,2012.7,1977.3,2145,2124.1,2049.8,2196.7,2245,2452.9,2373.3,2437.9,2815.3,2547.6,2536.4,NA,NA,NA,NA,NA,NA,NA,NA,NA,NA,NA,NA,NA,NA,NA,NA,NA,NA,NA,NA,NA,NA,NA,NA,NA,NA,NA,NA,NA,NA,NA,NA,NA,NA,NA,NA,NA,NA,NA,NA,NA,NA,NA,NA,NA,NA,NA,NA,NA,NA,NA,NA,NA,NA,NA,NA,NA,NA,NA,NA,NA,NA,NA,NA,NA,NA,NA,NA,NA,NA,NA,NA,NA,NA,NA,NA,NA,NA,NA,NA,NA,NA,NA,NA,NA,NA,NA,NA,NA,NA,NA,NA,NA,NA,NA,NA,NA,NA,NA,NA,NA,NA,NA,NA,NA,NA,NA,NA,NA,NA,NA,NA,NA,NA,NA,NA,NA,NA,NA,NA,NA,NA,NA,NA,NA,NA,NA
"159","9","    Government","ZZZZZZ1",NA,NA,NA,NA,NA,NA,NA,NA,NA,NA,NA,NA,NA,NA,NA,NA,NA,NA,NA,NA,NA,NA,NA,NA,NA,NA,NA,NA,NA,NA,NA,NA,NA,NA,NA,NA,NA,NA,NA,NA,NA,NA,NA,NA,NA,NA,NA,NA,NA,NA,NA,NA,NA,NA,NA,NA,NA,NA,NA,NA,NA,NA,NA,NA,NA,NA,NA,NA,NA,NA,NA,NA,NA,NA,NA,NA,NA,NA,NA,NA,NA,NA,NA,NA,NA,NA,NA,NA,NA,NA,NA,NA,NA,NA,NA,NA,NA,NA,NA,NA,NA,NA,NA,NA,NA,NA,NA,NA,NA,NA,NA,NA,NA,NA,NA,NA,NA,NA,NA,NA,NA,NA,NA,NA,NA,NA,NA,NA,NA,NA,NA,NA,NA,NA,NA,NA,NA,NA,NA,NA,NA,NA,NA,NA,NA,NA,NA,NA,NA,NA,NA,NA,NA,NA,NA,NA,NA,NA,NA,NA,NA,NA,NA,NA,NA,NA,NA,NA,NA,NA,NA,NA,NA,NA,NA,NA,NA,NA,NA,NA,NA,NA,NA,NA,NA,NA,NA,NA,NA,NA,NA,NA,NA,NA,NA,NA,NA,NA,NA,NA,NA,NA,NA,NA,NA,NA,NA,NA,NA,NA,NA,NA,NA,NA,NA,NA
"160","10","    Consumer","AUTO401",4566.4,4228,4406.9,4330.2,4243.8,4347.1,4374,4709,4083,4158.4,4472.2,4171.7,4281.4,4390.7,4465.9,4179,4432.3,4094.9,4183.6,4055.6,4159.4,4244.2,4293.2,4521.3,4212.2,4212.4,4393.7,4890.8,4126.3,4298.8,4677.6,4482.2,4405.1,4141.1,4083.5,4101,4682,4236.9,4105.6,4484.8,4310.4,4215.6,4676.9,4386.7,4239,4133.5,4158.9,4324.9,4293.3,4273.5,4156.7,3959.8,4232.3,4049.2,3769.8,3867.2,3976.3,4192.5,4282.4,4366.5,4350.9,4242.6,4100.6,4191.9,4487.3,4226.7,3669.4,3683,3188.4,3160.8,2859.4,2945.5,2942.8,2879.6,2904.5,2535.2,2696.4,2824.5,3832.7,5629.6,2672.5,3000.8,3128,3346.6,3102.7,2916.3,3080.9,2890.5,2913.6,NA,NA,NA,NA,NA,NA,NA,NA,NA,NA,NA,NA,NA,NA,NA,NA,NA,NA,NA,NA,NA,NA,NA,NA,NA,NA,NA,NA,NA,NA,NA,NA,NA,NA,NA,NA,NA,NA,NA,NA,NA,NA,NA,NA,NA,NA,NA,NA,NA,NA,NA,NA,NA,NA,NA,NA,NA,NA,NA,NA,NA,NA,NA,NA,NA,NA,NA,NA,NA,NA,NA,NA,NA,NA,NA,NA,NA,NA,NA,NA,NA,NA,NA,NA,NA,NA,NA,NA,NA,NA,NA,NA,NA,NA,NA,NA,NA,NA,NA,NA,NA,NA,NA,NA,NA,NA,NA,NA,NA,NA,NA,NA,NA,NA,NA,NA,NA,NA,NA,NA,NA,NA,NA,NA,NA,NA,NA
"161","11","  Final sales to consumers, percent of total dollar value","ALLO032",54.85,54.56,55.79,56.44,56.34,54.94,55.55,57.94,52.26,55.74,55.88,54.42,58.51,56.19,56.18,55.61,54.63,54.59,54.62,53.95,54.67,54.13,55.01,54.38,55.08,54.2,54.75,58.99,53.64,55.69,56.68,55.67,53.98,54.2,52.12,52.97,52.47,53.95,53.3,54.73,54.79,53.99,55.89,55.4,53.73,53.75,54.21,53.03,53.77,54.19,53.82,52.68,52.73,52.06,50.41,51.03,51.28,53.46,52.27,54.74,56.05,54.73,52.53,53.99,55.19,54.03,51.1,52.7,49.5,53.71,54.2,54.68,60.52,59.9,56.21,51.65,53.71,54.9,59.98,67.98,52.72,53.82,54.44,54.35,53.2,51.51,49.7,50.38,50.65,NA,NA,NA,NA,NA,NA,NA,NA,NA,NA,NA,NA,NA,NA,NA,NA,NA,NA,NA,NA,NA,NA,NA,NA,NA,NA,NA,NA,NA,NA,NA,NA,NA,NA,NA,NA,NA,NA,NA,NA,NA,NA,NA,NA,NA,NA,NA,NA,NA,NA,NA,NA,NA,NA,NA,NA,NA,NA,NA,NA,NA,NA,NA,NA,NA,NA,NA,NA,NA,NA,NA,NA,NA,NA,NA,NA,NA,NA,NA,NA,NA,NA,NA,NA,NA,NA,NA,NA,NA,NA,NA,NA,NA,NA,NA,NA,NA,NA,NA,NA,NA,NA,NA,NA,NA,NA,NA,NA,NA,NA,NA,NA,NA,NA,NA,NA,NA,NA,NA,NA,NA,NA,NA,NA,NA,NA,NA
"162",NA,"  Addenda:"," ",NA,NA,NA,NA,NA,NA,NA,NA,NA,NA,NA,NA,NA,NA,NA,NA,NA,NA,NA,NA,NA,NA,NA,NA,NA,NA,NA,NA,NA,NA,NA,NA,NA,NA,NA,NA,NA,NA,NA,NA,NA,NA,NA,NA,NA,NA,NA,NA,NA,NA,NA,NA,NA,NA,NA,NA,NA,NA,NA,NA,NA,NA,NA,NA,NA,NA,NA,NA,NA,NA,NA,NA,NA,NA,NA,NA,NA,NA,NA,NA,NA,NA,NA,NA,NA,NA,NA,NA,NA,NA,NA,NA,NA,NA,NA,NA,NA,NA,NA,NA,NA,NA,NA,NA,NA,NA,NA,NA,NA,NA,NA,NA,NA,NA,NA,NA,NA,NA,NA,NA,NA,NA,NA,NA,NA,NA,NA,NA,NA,NA,NA,NA,NA,NA,NA,NA,NA,NA,NA,NA,NA,NA,NA,NA,NA,NA,NA,NA,NA,NA,NA,NA,NA,NA,NA,NA,NA,NA,NA,NA,NA,NA,NA,NA,NA,NA,NA,NA,NA,NA,NA,NA,NA,NA,NA,NA,NA,NA,NA,NA,NA,NA,NA,NA,NA,NA,NA,NA,NA,NA,NA,NA,NA,NA,NA,NA,NA,NA,NA,NA,NA,NA,NA,NA,NA,NA,NA,NA,NA,NA,NA,NA,NA,NA,NA,NA
"163","12","    Unit truck sales, not seasonally adjusted","T11",564.8,658,782.6,783.7,874.3,813.8,858.7,918,733.4,759.7,727.6,882.3,654.2,721.4,847,811.6,915.7,806.5,901.9,822,859.1,780.5,708.3,925.2,604.5,709.4,891.5,822.1,842.3,1009.3,1129.1,821.7,717.3,618.6,656.1,902.8,614.2,724.7,880.5,774.1,798.9,826.2,813.7,805.2,755.2,711.6,698,825.8,613.9,720.3,851,739.2,809,759.4,709.3,816.9,719.5,692.2,631.7,779.5,564.2,637.2,694.8,612.1,621.5,548.1,533.4,637.9,503.6,429.6,404.1,493.4,355.2,360.7,427.2,402.8,454.3,418.7,461.4,553.1,361.4,426.6,387.1,536.7,350.8,394.1,542.9,496.1,554.8,NA,NA,NA,NA,NA,NA,NA,NA,NA,NA,NA,NA,NA,NA,NA,NA,NA,NA,NA,NA,NA,NA,NA,NA,NA,NA,NA,NA,NA,NA,NA,NA,NA,NA,NA,NA,NA,NA,NA,NA,NA,NA,NA,NA,NA,NA,NA,NA,NA,NA,NA,NA,NA,NA,NA,NA,NA,NA,NA,NA,NA,NA,NA,NA,NA,NA,NA,NA,NA,NA,NA,NA,NA,NA,NA,NA,NA,NA,NA,NA,NA,NA,NA,NA,NA,NA,NA,NA,NA,NA,NA,NA,NA,NA,NA,NA,NA,NA,NA,NA,NA,NA,NA,NA,NA,NA,NA,NA,NA,NA,NA,NA,NA,NA,NA,NA,NA,NA,NA,NA,NA,NA,NA,NA,NA,NA,NA
"164","13","      14,000 lbs. GVW and under, domestic","T21",463.9,553.5,648.3,652.9,730.7,683,714.5,760.7,609.7,633.4,607.5,743.3,538,603.1,702.5,677.8,769.8,664.9,746,675,723.6,639,578.5,757.3,486.6,583.1,740,672.9,695,853.7,967,665.8,587,490.2,527.6,744,487.5,585.7,706.2,611,635.6,666.7,656.6,642.3,601.5,551.1,545.7,646.9,473.5,582.3,677.7,596.3,656.6,607.5,569,663.8,584.2,549.3,496.3,626.1,444.1,511.2,553.5,480.5,486.7,438.4,421.1,518.8,404.1,330.1,313.2,383.3,266.6,271.3,327,322.5,364.7,337.3,366,432.5,287.6,343.8,310.1,431.7,279.6,321.5,429.2,408.8,458.8,NA,NA,NA,NA,NA,NA,NA,NA,NA,NA,NA,NA,NA,NA,NA,NA,NA,NA,NA,NA,NA,NA,NA,NA,NA,NA,NA,NA,NA,NA,NA,NA,NA,NA,NA,NA,NA,NA,NA,NA,NA,NA,NA,NA,NA,NA,NA,NA,NA,NA,NA,NA,NA,NA,NA,NA,NA,NA,NA,NA,NA,NA,NA,NA,NA,NA,NA,NA,NA,NA,NA,NA,NA,NA,NA,NA,NA,NA,NA,NA,NA,NA,NA,NA,NA,NA,NA,NA,NA,NA,NA,NA,NA,NA,NA,NA,NA,NA,NA,NA,NA,NA,NA,NA,NA,NA,NA,NA,NA,NA,NA,NA,NA,NA,NA,NA,NA,NA,NA,NA,NA,NA,NA,NA,NA,NA,NA
"165","14","      14,000 lbs. GVW and under, imports","T31",80.8,82.9,109.2,102.2,115.9,102.4,114.9,130,95.5,95.5,93.5,104.4,89,89.2,106.9,97.5,110.3,104.5,119.7,109.7,99.1,103.2,94.7,122.4,82.6,90.9,108.2,106.6,105.7,109.4,120.8,112.6,89.3,87.4,89.2,112.8,90.4,98,123.3,117.1,114.6,110.2,115.6,115.4,109.9,113,110.5,128.6,103.6,103.9,135.3,109.3,120.8,120.9,113.6,124,109.9,112.9,110.2,123.7,95.8,101.2,114.2,102.1,107.2,82.5,88.6,96.8,77.2,75,70.6,85.3,72.9,75,82.5,65.1,75.1,63.9,79.4,106,58.3,64.5,59.5,82,55.3,57.6,93.4,70.4,79.1,NA,NA,NA,NA,NA,NA,NA,NA,NA,NA,NA,NA,NA,NA,NA,NA,NA,NA,NA,NA,NA,NA,NA,NA,NA,NA,NA,NA,NA,NA,NA,NA,NA,NA,NA,NA,NA,NA,NA,NA,NA,NA,NA,NA,NA,NA,NA,NA,NA,NA,NA,NA,NA,NA,NA,NA,NA,NA,NA,NA,NA,NA,NA,NA,NA,NA,NA,NA,NA,NA,NA,NA,NA,NA,NA,NA,NA,NA,NA,NA,NA,NA,NA,NA,NA,NA,NA,NA,NA,NA,NA,NA,NA,NA,NA,NA,NA,NA,NA,NA,NA,NA,NA,NA,NA,NA,NA,NA,NA,NA,NA,NA,NA,NA,NA,NA,NA,NA,NA,NA,NA,NA,NA,NA,NA,NA,NA
"166","15","      Over 14,001 lbs. GVW","T41",20.1,21.6,25.1,28.6,27.6,28.4,29.3,27.3,28.2,30.9,26.7,34.6,27.1,29.2,37.6,36.3,35.6,37.1,36.2,37.2,36.5,38.3,35,45.5,35.3,35.4,43.4,42.6,41.5,46.3,41.4,43.3,41,41.1,39.2,46,36.2,40.9,51,46,48.8,49.3,41.5,47.5,43.7,47.5,41.7,50.3,36.8,34,38,33.6,31.5,31.1,26.8,29.2,25.4,29.9,25.1,29.7,24.3,24.8,27.1,29.5,27.7,27.3,23.7,22.3,22.3,24.4,20.3,24.8,15.6,14.5,17.7,15.3,14.5,17.4,16.1,14.6,15.4,18.3,17.4,23,15.9,14.9,20.3,16.9,16.8,NA,NA,NA,NA,NA,NA,NA,NA,NA,NA,NA,NA,NA,NA,NA,NA,NA,NA,NA,NA,NA,NA,NA,NA,NA,NA,NA,NA,NA,NA,NA,NA,NA,NA,NA,NA,NA,NA,NA,NA,NA,NA,NA,NA,NA,NA,NA,NA,NA,NA,NA,NA,NA,NA,NA,NA,NA,NA,NA,NA,NA,NA,NA,NA,NA,NA,NA,NA,NA,NA,NA,NA,NA,NA,NA,NA,NA,NA,NA,NA,NA,NA,NA,NA,NA,NA,NA,NA,NA,NA,NA,NA,NA,NA,NA,NA,NA,NA,NA,NA,NA,NA,NA,NA,NA,NA,NA,NA,NA,NA,NA,NA,NA,NA,NA,NA,NA,NA,NA,NA,NA,NA,NA,NA,NA,NA,NA
"167","16","    Unit truck sales, seasonally adjusted at annual rates","TEMD3",8.586,8.606,8.834,9.299,9.151,9.319,9.493,10.386,9.666,9.242,9.777,9.917,9.582,9.403,9.482,9.561,10.26,8.867,9.858,9.853,10.455,9.862,9.776,10.056,9.375,9.262,9.582,9.75,9.845,10.914,13.045,9.562,8.932,7.882,8.861,9.687,9.413,9.43,9.458,9.132,9.024,9.244,9.497,8.697,9.246,9.323,9.175,9.11,9.122,9.398,8.973,9.174,8.756,8.54,8.517,8.961,8.868,8.859,8.511,8.444,8.222,8.207,7.728,7.19,6.709,6.532,5.964,7.014,6.485,5.317,5.491,5.289,5.13,4.686,4.856,4.636,5.169,4.863,5.263,6.271,4.406,5.188,5.524,5.486,5.344,5.099,5.981,5.822,6.237,NA,NA,NA,NA,NA,NA,NA,NA,NA,NA,NA,NA,NA,NA,NA,NA,NA,NA,NA,NA,NA,NA,NA,NA,NA,NA,NA,NA,NA,NA,NA,NA,NA,NA,NA,NA,NA,NA,NA,NA,NA,NA,NA,NA,NA,NA,NA,NA,NA,NA,NA,NA,NA,NA,NA,NA,NA,NA,NA,NA,NA,NA,NA,NA,NA,NA,NA,NA,NA,NA,NA,NA,NA,NA,NA,NA,NA,NA,NA,NA,NA,NA,NA,NA,NA,NA,NA,NA,NA,NA,NA,NA,NA,NA,NA,NA,NA,NA,NA,NA,NA,NA,NA,NA,NA,NA,NA,NA,NA,NA,NA,NA,NA,NA,NA,NA,NA,NA,NA,NA,NA,NA,NA,NA,NA,NA,NA
"168","17","      14,000 lbs. GVW and under, domestic","TEMF3",7.18,7.176,7.248,7.742,7.636,7.731,7.888,8.743,8.03,7.708,8.184,8.352,7.988,7.791,7.825,8.001,8.587,7.231,8.158,8.19,8.749,8.113,8.062,8.215,7.671,7.542,7.91,8.012,8.105,9.121,11.186,7.827,7.311,6.273,7.204,7.981,7.617,7.561,7.586,7.178,7.149,7.419,7.615,6.921,7.353,7.287,7.22,7.136,7.195,7.548,7.147,7.394,7.048,6.8,6.816,7.304,7.135,7.087,6.785,6.735,6.588,6.586,6.134,5.635,5.226,5.168,4.667,5.721,5.168,4.131,4.29,4.103,3.942,3.497,3.715,3.693,4.148,3.881,4.169,4.896,3.477,4.22,4.475,4.405,4.34,4.133,4.727,4.808,5.136,NA,NA,NA,NA,NA,NA,NA,NA,NA,NA,NA,NA,NA,NA,NA,NA,NA,NA,NA,NA,NA,NA,NA,NA,NA,NA,NA,NA,NA,NA,NA,NA,NA,NA,NA,NA,NA,NA,NA,NA,NA,NA,NA,NA,NA,NA,NA,NA,NA,NA,NA,NA,NA,NA,NA,NA,NA,NA,NA,NA,NA,NA,NA,NA,NA,NA,NA,NA,NA,NA,NA,NA,NA,NA,NA,NA,NA,NA,NA,NA,NA,NA,NA,NA,NA,NA,NA,NA,NA,NA,NA,NA,NA,NA,NA,NA,NA,NA,NA,NA,NA,NA,NA,NA,NA,NA,NA,NA,NA,NA,NA,NA,NA,NA,NA,NA,NA,NA,NA,NA,NA,NA,NA,NA,NA,NA,NA
"169","18","      14,000 lbs. GVW and under, imports","TEMG3",1.126,1.135,1.295,1.246,1.209,1.267,1.265,1.313,1.288,1.188,1.219,1.175,1.205,1.216,1.245,1.163,1.258,1.231,1.269,1.223,1.258,1.293,1.255,1.339,1.186,1.238,1.198,1.253,1.253,1.279,1.343,1.235,1.119,1.118,1.154,1.208,1.281,1.314,1.319,1.404,1.331,1.277,1.344,1.222,1.345,1.483,1.422,1.419,1.435,1.388,1.398,1.389,1.351,1.388,1.357,1.317,1.398,1.445,1.405,1.385,1.308,1.3,1.276,1.228,1.16,1.048,1.002,1.012,1.042,0.92,0.925,0.938,0.974,0.992,0.937,0.773,0.845,0.788,0.896,1.191,0.74,0.761,0.819,0.849,0.777,0.761,1.032,0.825,0.897,NA,NA,NA,NA,NA,NA,NA,NA,NA,NA,NA,NA,NA,NA,NA,NA,NA,NA,NA,NA,NA,NA,NA,NA,NA,NA,NA,NA,NA,NA,NA,NA,NA,NA,NA,NA,NA,NA,NA,NA,NA,NA,NA,NA,NA,NA,NA,NA,NA,NA,NA,NA,NA,NA,NA,NA,NA,NA,NA,NA,NA,NA,NA,NA,NA,NA,NA,NA,NA,NA,NA,NA,NA,NA,NA,NA,NA,NA,NA,NA,NA,NA,NA,NA,NA,NA,NA,NA,NA,NA,NA,NA,NA,NA,NA,NA,NA,NA,NA,NA,NA,NA,NA,NA,NA,NA,NA,NA,NA,NA,NA,NA,NA,NA,NA,NA,NA,NA,NA,NA,NA,NA,NA,NA,NA,NA,NA
"170","19","      Over 14,001 lbs. GVW","TEMH3",0.279,0.296,0.291,0.311,0.306,0.321,0.34,0.33,0.349,0.346,0.374,0.39,0.389,0.396,0.411,0.396,0.415,0.405,0.43,0.441,0.448,0.456,0.459,0.502,0.519,0.481,0.474,0.485,0.487,0.514,0.516,0.499,0.502,0.49,0.504,0.498,0.515,0.555,0.553,0.55,0.544,0.549,0.538,0.555,0.548,0.552,0.532,0.554,0.492,0.462,0.427,0.391,0.357,0.352,0.344,0.34,0.335,0.327,0.321,0.324,0.326,0.321,0.318,0.327,0.322,0.316,0.294,0.281,0.275,0.267,0.276,0.248,0.215,0.197,0.203,0.17,0.175,0.194,0.198,0.185,0.189,0.206,0.229,0.232,0.227,0.204,0.222,0.189,0.204,NA,NA,NA,NA,NA,NA,NA,NA,NA,NA,NA,NA,NA,NA,NA,NA,NA,NA,NA,NA,NA,NA,NA,NA,NA,NA,NA,NA,NA,NA,NA,NA,NA,NA,NA,NA,NA,NA,NA,NA,NA,NA,NA,NA,NA,NA,NA,NA,NA,NA,NA,NA,NA,NA,NA,NA,NA,NA,NA,NA,NA,NA,NA,NA,NA,NA,NA,NA,NA,NA,NA,NA,NA,NA,NA,NA,NA,NA,NA,NA,NA,NA,NA,NA,NA,NA,NA,NA,NA,NA,NA,NA,NA,NA,NA,NA,NA,NA,NA,NA,NA,NA,NA,NA,NA,NA,NA,NA,NA,NA,NA,NA,NA,NA,NA,NA,NA,NA,NA,NA,NA,NA,NA,NA,NA,NA,NA
"171","20","    Unit sales of light trucks to consumers (Thousands, SAAR)","LTCSAL1",5409.9,5274.8,5607.2,6025,6046.5,6076.4,6005.1,6687,6131.6,5834.2,6085,6032.1,6062.5,5881.5,5836,5799.4,6354.3,5370.6,5831,5769.8,6246.9,5818.1,5645.3,5773.3,5402.3,5350.8,5596.9,5949,5676.8,6475.3,7930.9,5432,4710.8,4007.7,4580.7,5068.6,4715.9,4703.8,4808.7,4720.1,4579.2,4869.3,5106.7,4478.2,4783.8,4823.7,4753.4,4705.6,4832.9,5004.1,4785.6,4830.6,4787.7,4749,4495.2,4741.4,4778.3,4777.6,4504.5,4303.6,4184.8,4179.6,3927.5,3705.9,3512.4,3232.4,2948.1,3837.9,3539.9,2878.7,3024.9,2974,3227.5,2980,2930.6,2779.6,3245.3,3158.2,3339.1,4066.1,2440.6,2973,3141.5,3156.6,3002.5,2897,3567.4,3430.8,3643.9,NA,NA,NA,NA,NA,NA,NA,NA,NA,NA,NA,NA,NA,NA,NA,NA,NA,NA,NA,NA,NA,NA,NA,NA,NA,NA,NA,NA,NA,NA,NA,NA,NA,NA,NA,NA,NA,NA,NA,NA,NA,NA,NA,NA,NA,NA,NA,NA,NA,NA,NA,NA,NA,NA,NA,NA,NA,NA,NA,NA,NA,NA,NA,NA,NA,NA,NA,NA,NA,NA,NA,NA,NA,NA,NA,NA,NA,NA,NA,NA,NA,NA,NA,NA,NA,NA,NA,NA,NA,NA,NA,NA,NA,NA,NA,NA,NA,NA,NA,NA,NA,NA,NA,NA,NA,NA,NA,NA,NA,NA,NA,NA,NA,NA,NA,NA,NA,NA,NA,NA,NA,NA,NA,NA,NA,NA,NA
"172","21","    Overall average expenditure per light truck","LTAVGV0",26221,26235,26157,26998,26799,26763,26700,26771,26799,27018,27178,27203,27339,27356,27219,27220,27085,26987,26957,26943,27134,27275,27466,27632,27476,27599,27454,27548,27405,27927,27608,27756,27569,27611,27627,27750,27809,28014,28120,28076,28279,28373,28468,28427,28499,28314,28395,28522,28594,28804,29069,29383,29346,29311,29481,29523,29667,29823,29564,29336,29336,29204,29120,28884,28431,28695,28245,27988,27789,27587,27631,27679,28391,28349,28396,29712,29379,29498,28417,28654,31765,31280,31189,31097,31354,31047,30946,31501,31518,NA,NA,NA,NA,NA,NA,NA,NA,NA,NA,NA,NA,NA,NA,NA,NA,NA,NA,NA,NA,NA,NA,NA,NA,NA,NA,NA,NA,NA,NA,NA,NA,NA,NA,NA,NA,NA,NA,NA,NA,NA,NA,NA,NA,NA,NA,NA,NA,NA,NA,NA,NA,NA,NA,NA,NA,NA,NA,NA,NA,NA,NA,NA,NA,NA,NA,NA,NA,NA,NA,NA,NA,NA,NA,NA,NA,NA,NA,NA,NA,NA,NA,NA,NA,NA,NA,NA,NA,NA,NA,NA,NA,NA,NA,NA,NA,NA,NA,NA,NA,NA,NA,NA,NA,NA,NA,NA,NA,NA,NA,NA,NA,NA,NA,NA,NA,NA,NA,NA,NA,NA,NA,NA,NA,NA,NA,NA
"173","22","    Average consumer expenditure per light truck","LTCONV0",26540,26556,26436,27273,27057,27016,26956,26998,27044,27261,27417,27450,27555,27573,27428,27408,27264,27152,27118,27088,27250,27365,27533,27655,27463,27530,27367,27453,27269,27773,27442,27564,27337,27362,27371,27498,27532,27728,27831,27786,27978,28083,28186,28132,28205,28030,28119,28255,28347,28566,28840,29149,29138,29112,29283,29338,29493,29661,29416,29184,29193,29078,29001,28784,28331,28594,28101,27896,27711,27496,27544,27599,27969,27924,27936,29250,28957,29097,27973,28218,31155,30707,30627,30549,30782,30496,30439,30964,30974,NA,NA,NA,NA,NA,NA,NA,NA,NA,NA,NA,NA,NA,NA,NA,NA,NA,NA,NA,NA,NA,NA,NA,NA,NA,NA,NA,NA,NA,NA,NA,NA,NA,NA,NA,NA,NA,NA,NA,NA,NA,NA,NA,NA,NA,NA,NA,NA,NA,NA,NA,NA,NA,NA,NA,NA,NA,NA,NA,NA,NA,NA,NA,NA,NA,NA,NA,NA,NA,NA,NA,NA,NA,NA,NA,NA,NA,NA,NA,NA,NA,NA,NA,NA,NA,NA,NA,NA,NA,NA,NA,NA,NA,NA,NA,NA,NA,NA,NA,NA,NA,NA,NA,NA,NA,NA,NA,NA,NA,NA,NA,NA,NA,NA,NA,NA,NA,NA,NA,NA,NA,NA,NA,NA,NA,NA,NA
"174",NA,"Unit auto production:"," ",NA,NA,NA,NA,NA,NA,NA,NA,NA,NA,NA,NA,NA,NA,NA,NA,NA,NA,NA,NA,NA,NA,NA,NA,NA,NA,NA,NA,NA,NA,NA,NA,NA,NA,NA,NA,NA,NA,NA,NA,NA,NA,NA,NA,NA,NA,NA,NA,NA,NA,NA,NA,NA,NA,NA,NA,NA,NA,NA,NA,NA,NA,NA,NA,NA,NA,NA,NA,NA,NA,NA,NA,NA,NA,NA,NA,NA,NA,NA,NA,NA,NA,NA,NA,NA,NA,NA,NA,NA,NA,NA,NA,NA,NA,NA,NA,NA,NA,NA,NA,NA,NA,NA,NA,NA,NA,NA,NA,NA,NA,NA,NA,NA,NA,NA,NA,NA,NA,NA,NA,NA,NA,NA,NA,NA,NA,NA,NA,NA,NA,NA,NA,NA,NA,NA,NA,NA,NA,NA,NA,NA,NA,NA,NA,NA,NA,NA,NA,NA,NA,NA,NA,NA,NA,NA,NA,NA,NA,NA,NA,NA,NA,NA,NA,NA,NA,NA,NA,NA,NA,NA,NA,NA,NA,NA,NA,NA,NA,NA,NA,NA,NA,NA,NA,NA,NA,NA,NA,NA,NA,NA,NA,NA,NA,NA,NA,NA,NA,NA,NA,NA,NA,NA,NA,NA,NA,NA,NA,NA,NA,NA,NA,NA,NA,NA,NA
"175","23","  Unit assemblies (Thousands, NSA)","MVMA1",426.1,370.6,394,381.4,405.8,391.2,267.4,364,420.6,437.9,341.8,309.1,327.8,370.3,424.5,390.1,354,374.9,238.8,380.6,381.3,356.6,323.8,306.8,346,378.3,390.4,380.6,367.7,406.3,230.4,404.4,382.8,379.7,348.3,306.4,369.6,373.1,448.6,356.9,406.2,384.3,221.2,401.3,372,401.5,337.5,294.6,353.5,331.3,356.7,319.2,346.3,353.3,247.4,360.8,293.1,375.9,328.7,258,342,342.8,328,328.8,306.3,327,284,347.3,350.3,369.6,241,209.6,103,138.7,176.5,157.1,143.7,164.1,147.6,226.2,264.1,287.8,228.3,209.5,223.7,239.4,272.1,241.9,249,NA,NA,NA,NA,NA,NA,NA,NA,NA,NA,NA,NA,NA,NA,NA,NA,NA,NA,NA,NA,NA,NA,NA,NA,NA,NA,NA,NA,NA,NA,NA,NA,NA,NA,NA,NA,NA,NA,NA,NA,NA,NA,NA,NA,NA,NA,NA,NA,NA,NA,NA,NA,NA,NA,NA,NA,NA,NA,NA,NA,NA,NA,NA,NA,NA,NA,NA,NA,NA,NA,NA,NA,NA,NA,NA,NA,NA,NA,NA,NA,NA,NA,NA,NA,NA,NA,NA,NA,NA,NA,NA,NA,NA,NA,NA,NA,NA,NA,NA,NA,NA,NA,NA,NA,NA,NA,NA,NA,NA,NA,NA,NA,NA,NA,NA,NA,NA,NA,NA,NA,NA,NA,NA,NA,NA,NA,NA
"176","24","    Percent change from preceding period","CHG071",44,-13,6.3,-3.2,6.4,-3.6,-31.6,36.1,15.5,4.1,-21.9,-9.6,6,13,14.6,-8.1,-9.3,5.9,-36.3,59.4,0.2,-6.5,-9.2,-5.3,12.8,9.3,3.2,-2.5,-3.4,10.5,-43.3,75.5,-5.3,-0.8,-8.3,-12,20.6,0.9,20.2,-20.4,13.8,-5.4,-42.4,81.4,-7.3,7.9,-15.9,-12.7,20,-6.3,7.7,-10.5,8.5,2,-30,45.8,-18.8,28.2,-12.6,-21.5,32.6,0.2,-4.3,0.2,-6.8,6.8,-13.1,22.3,0.9,5.5,-34.8,-13,-50.9,34.7,27.3,-11,-8.5,14.2,-10.1,53.3,16.8,9,-20.7,-8.2,6.8,7,13.7,-11.1,2.9,NA,NA,NA,NA,NA,NA,NA,NA,NA,NA,NA,NA,NA,NA,NA,NA,NA,NA,NA,NA,NA,NA,NA,NA,NA,NA,NA,NA,NA,NA,NA,NA,NA,NA,NA,NA,NA,NA,NA,NA,NA,NA,NA,NA,NA,NA,NA,NA,NA,NA,NA,NA,NA,NA,NA,NA,NA,NA,NA,NA,NA,NA,NA,NA,NA,NA,NA,NA,NA,NA,NA,NA,NA,NA,NA,NA,NA,NA,NA,NA,NA,NA,NA,NA,NA,NA,NA,NA,NA,NA,NA,NA,NA,NA,NA,NA,NA,NA,NA,NA,NA,NA,NA,NA,NA,NA,NA,NA,NA,NA,NA,NA,NA,NA,NA,NA,NA,NA,NA,NA,NA,NA,NA,NA,NA,NA,NA
"177","25","  BEA production estimate (Millions, SAAR)","BEACPT3",5.11,4.472,4.415,4.397,4.529,4.559,4.318,4.228,4.865,4.51,4.525,4.29,4.273,4.46,4.34,4.466,4.262,4.033,4.102,4.258,4.258,4.015,3.986,4.272,4.284,4.538,4.306,4.248,4.261,4.384,4.218,4.212,4.294,4.254,4.465,4.288,4.573,4.466,4.577,4.598,4.464,4.157,3.944,4.192,4.372,4.272,4.175,4.393,4.169,3.96,3.802,3.917,3.835,4.016,4.027,3.826,3.607,3.805,3.922,4.112,4.016,3.905,3.964,3.558,3.625,3.72,4.535,3.964,3.882,3.722,3.336,2.952,1.321,1.704,1.968,1.919,1.91,1.89,2.209,2.543,2.84,2.881,2.738,2.815,2.851,2.908,2.884,2.905,3.234,NA,NA,NA,NA,NA,NA,NA,NA,NA,NA,NA,NA,NA,NA,NA,NA,NA,NA,NA,NA,NA,NA,NA,NA,NA,NA,NA,NA,NA,NA,NA,NA,NA,NA,NA,NA,NA,NA,NA,NA,NA,NA,NA,NA,NA,NA,NA,NA,NA,NA,NA,NA,NA,NA,NA,NA,NA,NA,NA,NA,NA,NA,NA,NA,NA,NA,NA,NA,NA,NA,NA,NA,NA,NA,NA,NA,NA,NA,NA,NA,NA,NA,NA,NA,NA,NA,NA,NA,NA,NA,NA,NA,NA,NA,NA,NA,NA,NA,NA,NA,NA,NA,NA,NA,NA,NA,NA,NA,NA,NA,NA,NA,NA,NA,NA,NA,NA,NA,NA,NA,NA,NA,NA,NA,NA,NA,NA
"178","26","    Percent change from preceding period","CHG031",10.1,-12.5,-1.3,-0.4,3,0.7,-5.3,-2.1,15.1,-7.3,0.3,-5.2,-0.4,4.4,-2.7,2.9,-4.6,-5.4,1.7,3.8,0,-5.7,-0.7,7.2,0.3,5.9,-5.1,-1.3,0.3,2.9,-3.8,-0.1,1.9,-0.9,5,-4,6.6,-2.3,2.5,0.5,-2.9,-6.9,-5.1,6.3,4.3,-2.3,-2.3,5.2,-5.1,-5,-4,3,-2.1,4.7,0.3,-5,-5.7,5.5,3.1,4.8,-2.3,-2.8,1.5,-10.2,1.9,2.6,21.9,-12.6,-2.1,-4.1,-10.4,-11.5,-55.3,29,15.5,-2.5,-0.5,-1,16.9,15.1,11.7,1.4,-5,2.8,1.3,2,-0.8,0.7,11.3,NA,NA,NA,NA,NA,NA,NA,NA,NA,NA,NA,NA,NA,NA,NA,NA,NA,NA,NA,NA,NA,NA,NA,NA,NA,NA,NA,NA,NA,NA,NA,NA,NA,NA,NA,NA,NA,NA,NA,NA,NA,NA,NA,NA,NA,NA,NA,NA,NA,NA,NA,NA,NA,NA,NA,NA,NA,NA,NA,NA,NA,NA,NA,NA,NA,NA,NA,NA,NA,NA,NA,NA,NA,NA,NA,NA,NA,NA,NA,NA,NA,NA,NA,NA,NA,NA,NA,NA,NA,NA,NA,NA,NA,NA,NA,NA,NA,NA,NA,NA,NA,NA,NA,NA,NA,NA,NA,NA,NA,NA,NA,NA,NA,NA,NA,NA,NA,NA,NA,NA,NA,NA,NA,NA,NA,NA,NA
"179","27","  FRB production estimate (Millions, SAAR)","FRB3",5.06,4.416,4.362,4.34,4.478,4.498,4.261,4.167,4.806,4.451,4.462,4.234,4.197,4.414,4.317,4.409,4.194,3.972,4.033,4.191,4.183,3.944,3.91,4.188,4.208,4.463,4.255,4.199,4.21,4.341,4.16,4.159,4.244,4.2,4.411,4.236,4.522,4.412,4.527,4.55,4.405,4.119,3.887,4.14,4.317,4.213,4.106,4.318,4.113,3.907,3.755,3.851,3.775,3.957,3.985,3.771,3.548,3.747,3.859,4.053,3.972,3.861,3.921,3.509,3.565,3.663,4.493,3.914,3.845,3.686,3.297,2.91,1.29,1.672,1.931,1.905,1.91,1.844,2.15,2.476,2.763,2.8,2.655,2.746,2.76,2.82,2.761,2.789,3.172,NA,NA,NA,NA,NA,NA,NA,NA,NA,NA,NA,NA,NA,NA,NA,NA,NA,NA,NA,NA,NA,NA,NA,NA,NA,NA,NA,NA,NA,NA,NA,NA,NA,NA,NA,NA,NA,NA,NA,NA,NA,NA,NA,NA,NA,NA,NA,NA,NA,NA,NA,NA,NA,NA,NA,NA,NA,NA,NA,NA,NA,NA,NA,NA,NA,NA,NA,NA,NA,NA,NA,NA,NA,NA,NA,NA,NA,NA,NA,NA,NA,NA,NA,NA,NA,NA,NA,NA,NA,NA,NA,NA,NA,NA,NA,NA,NA,NA,NA,NA,NA,NA,NA,NA,NA,NA,NA,NA,NA,NA,NA,NA,NA,NA,NA,NA,NA,NA,NA,NA,NA,NA,NA,NA,NA,NA,NA
"180","28","    Percent change from preceding period","CHG041",10.2,-12.7,-1.2,-0.5,3.2,0.4,-5.3,-2.2,15.3,-7.4,0.2,-5.1,-0.9,5.2,-2.2,2.1,-4.9,-5.3,1.5,3.9,-0.2,-5.7,-0.9,7.1,0.5,6.1,-4.7,-1.3,0.3,3.1,-4.2,0,2,-1,5,-4,6.8,-2.4,2.6,0.5,-3.2,-6.5,-5.6,6.5,4.3,-2.4,-2.5,5.2,-4.7,-5,-3.9,2.6,-2,4.8,0.7,-5.4,-5.9,5.6,3,5,-2,-2.8,1.6,-10.5,1.6,2.7,22.7,-12.9,-1.8,-4.1,-10.6,-11.7,-55.7,29.6,15.5,-1.3,0.3,-3.5,16.6,15.2,11.6,1.3,-5.2,3.4,0.5,2.2,-2.1,1,13.7,NA,NA,NA,NA,NA,NA,NA,NA,NA,NA,NA,NA,NA,NA,NA,NA,NA,NA,NA,NA,NA,NA,NA,NA,NA,NA,NA,NA,NA,NA,NA,NA,NA,NA,NA,NA,NA,NA,NA,NA,NA,NA,NA,NA,NA,NA,NA,NA,NA,NA,NA,NA,NA,NA,NA,NA,NA,NA,NA,NA,NA,NA,NA,NA,NA,NA,NA,NA,NA,NA,NA,NA,NA,NA,NA,NA,NA,NA,NA,NA,NA,NA,NA,NA,NA,NA,NA,NA,NA,NA,NA,NA,NA,NA,NA,NA,NA,NA,NA,NA,NA,NA,NA,NA,NA,NA,NA,NA,NA,NA,NA,NA,NA,NA,NA,NA,NA,NA,NA,NA,NA,NA,NA,NA,NA,NA,NA
"181","29","  Index of industrial production, autos (2002=100)","IIP011",104.9,93.1,92.6,95,97.9,97.4,93.2,92.6,107.8,101,102.2,97.3,97.3,100.8,99.6,101.2,96.2,93,93.6,97.6,99.5,95.2,94.3,99.7,97.3,105.5,99.5,98,98.1,101,94.6,97.1,99.3,98.7,103.7,99.5,106.8,104.5,107.5,107.2,103.4,96.3,89.9,97.4,100.9,99.1,96.5,100.1,96.9,91.3,87.4,90.3,89.6,92.7,93.4,91.3,85.6,88.9,91,94.5,94,90.5,92.5,81.3,84,87.9,109.3,93.8,92,87.1,78.5,68.5,30.4,38.7,46.3,45.4,44.8,43.9,51.7,59.3,67.9,68.9,63.7,66.6,66.4,68.2,69.1,69.9,79.7,NA,NA,NA,NA,NA,NA,NA,NA,NA,NA,NA,NA,NA,NA,NA,NA,NA,NA,NA,NA,NA,NA,NA,NA,NA,NA,NA,NA,NA,NA,NA,NA,NA,NA,NA,NA,NA,NA,NA,NA,NA,NA,NA,NA,NA,NA,NA,NA,NA,NA,NA,NA,NA,NA,NA,NA,NA,NA,NA,NA,NA,NA,NA,NA,NA,NA,NA,NA,NA,NA,NA,NA,NA,NA,NA,NA,NA,NA,NA,NA,NA,NA,NA,NA,NA,NA,NA,NA,NA,NA,NA,NA,NA,NA,NA,NA,NA,NA,NA,NA,NA,NA,NA,NA,NA,NA,NA,NA,NA,NA,NA,NA,NA,NA,NA,NA,NA,NA,NA,NA,NA,NA,NA,NA,NA,NA,NA
"182","30","    Percent change from preceding period","CHG051",11.8,-11.3,-0.6,2.6,3.1,-0.5,-4.3,-0.7,16.4,-6.3,1.2,-4.8,0,3.6,-1.2,1.6,-5,-3.3,0.6,4.3,1.9,-4.3,-1,5.8,-2.5,8.5,-5.7,-1.5,0.1,3,-6.3,2.6,2.3,-0.6,5,-4,7.3,-2.2,2.9,-0.3,-3.6,-6.8,-6.7,8.3,3.6,-1.9,-2.6,3.7,-3.2,-5.8,-4.3,3.4,-0.8,3.4,0.8,-2.3,-6.3,3.9,2.3,3.8,-0.5,-3.7,2.2,-12.2,3.3,4.7,24.4,-14.2,-2,-5.3,-9.9,-12.7,-55.7,27.5,19.5,-1.9,-1.3,-2,17.8,14.5,14.5,1.6,-7.6,4.5,-0.3,2.7,1.4,1.2,14,NA,NA,NA,NA,NA,NA,NA,NA,NA,NA,NA,NA,NA,NA,NA,NA,NA,NA,NA,NA,NA,NA,NA,NA,NA,NA,NA,NA,NA,NA,NA,NA,NA,NA,NA,NA,NA,NA,NA,NA,NA,NA,NA,NA,NA,NA,NA,NA,NA,NA,NA,NA,NA,NA,NA,NA,NA,NA,NA,NA,NA,NA,NA,NA,NA,NA,NA,NA,NA,NA,NA,NA,NA,NA,NA,NA,NA,NA,NA,NA,NA,NA,NA,NA,NA,NA,NA,NA,NA,NA,NA,NA,NA,NA,NA,NA,NA,NA,NA,NA,NA,NA,NA,NA,NA,NA,NA,NA,NA,NA,NA,NA,NA,NA,NA,NA,NA,NA,NA,NA,NA,NA,NA,NA,NA,NA,NA
"183",NA,"Unit auto inventory change:"," ",NA,NA,NA,NA,NA,NA,NA,NA,NA,NA,NA,NA,NA,NA,NA,NA,NA,NA,NA,NA,NA,NA,NA,NA,NA,NA,NA,NA,NA,NA,NA,NA,NA,NA,NA,NA,NA,NA,NA,NA,NA,NA,NA,NA,NA,NA,NA,NA,NA,NA,NA,NA,NA,NA,NA,NA,NA,NA,NA,NA,NA,NA,NA,NA,NA,NA,NA,NA,NA,NA,NA,NA,NA,NA,NA,NA,NA,NA,NA,NA,NA,NA,NA,NA,NA,NA,NA,NA,NA,NA,NA,NA,NA,NA,NA,NA,NA,NA,NA,NA,NA,NA,NA,NA,NA,NA,NA,NA,NA,NA,NA,NA,NA,NA,NA,NA,NA,NA,NA,NA,NA,NA,NA,NA,NA,NA,NA,NA,NA,NA,NA,NA,NA,NA,NA,NA,NA,NA,NA,NA,NA,NA,NA,NA,NA,NA,NA,NA,NA,NA,NA,NA,NA,NA,NA,NA,NA,NA,NA,NA,NA,NA,NA,NA,NA,NA,NA,NA,NA,NA,NA,NA,NA,NA,NA,NA,NA,NA,NA,NA,NA,NA,NA,NA,NA,NA,NA,NA,NA,NA,NA,NA,NA,NA,NA,NA,NA,NA,NA,NA,NA,NA,NA,NA,NA,NA,NA,NA,NA,NA,NA,NA,NA,NA,NA,NA
"184",NA,"  BEA estimates of unit detail (Thousands, SA):"," ",NA,NA,NA,NA,NA,NA,NA,NA,NA,NA,NA,NA,NA,NA,NA,NA,NA,NA,NA,NA,NA,NA,NA,NA,NA,NA,NA,NA,NA,NA,NA,NA,NA,NA,NA,NA,NA,NA,NA,NA,NA,NA,NA,NA,NA,NA,NA,NA,NA,NA,NA,NA,NA,NA,NA,NA,NA,NA,NA,NA,NA,NA,NA,NA,NA,NA,NA,NA,NA,NA,NA,NA,NA,NA,NA,NA,NA,NA,NA,NA,NA,NA,NA,NA,NA,NA,NA,NA,NA,NA,NA,NA,NA,NA,NA,NA,NA,NA,NA,NA,NA,NA,NA,NA,NA,NA,NA,NA,NA,NA,NA,NA,NA,NA,NA,NA,NA,NA,NA,NA,NA,NA,NA,NA,NA,NA,NA,NA,NA,NA,NA,NA,NA,NA,NA,NA,NA,NA,NA,NA,NA,NA,NA,NA,NA,NA,NA,NA,NA,NA,NA,NA,NA,NA,NA,NA,NA,NA,NA,NA,NA,NA,NA,NA,NA,NA,NA,NA,NA,NA,NA,NA,NA,NA,NA,NA,NA,NA,NA,NA,NA,NA,NA,NA,NA,NA,NA,NA,NA,NA,NA,NA,NA,NA,NA,NA,NA,NA,NA,NA,NA,NA,NA,NA,NA,NA,NA,NA,NA,NA,NA,NA,NA,NA,NA,NA
"185","31","    Production","BEASMR1",425.8,372.7,367.9,366.4,377.4,379.9,359.8,352.3,405.4,375.8,377.1,357.5,356.1,371.7,361.7,372.2,355.2,336.1,341.8,354.8,354.8,334.6,332.2,356,357,378.2,358.8,354,355.1,365.3,351.5,351,357.8,354.5,372.1,357.3,381.1,372.2,381.4,383.2,372,346.4,328.7,349.3,364.3,356,347.9,366.1,347.4,330,316.8,326.4,319.6,334.7,335.6,318.8,300.6,317.1,326.8,342.7,334.7,325.4,330.3,296.5,302.1,310,377.9,330.3,323.5,310.2,278,246,110.1,142,164,159.9,159.2,157.5,184.1,211.9,236.7,240.1,228.2,234.6,237.6,242.3,240.3,242.1,269.5,NA,NA,NA,NA,NA,NA,NA,NA,NA,NA,NA,NA,NA,NA,NA,NA,NA,NA,NA,NA,NA,NA,NA,NA,NA,NA,NA,NA,NA,NA,NA,NA,NA,NA,NA,NA,NA,NA,NA,NA,NA,NA,NA,NA,NA,NA,NA,NA,NA,NA,NA,NA,NA,NA,NA,NA,NA,NA,NA,NA,NA,NA,NA,NA,NA,NA,NA,NA,NA,NA,NA,NA,NA,NA,NA,NA,NA,NA,NA,NA,NA,NA,NA,NA,NA,NA,NA,NA,NA,NA,NA,NA,NA,NA,NA,NA,NA,NA,NA,NA,NA,NA,NA,NA,NA,NA,NA,NA,NA,NA,NA,NA,NA,NA,NA,NA,NA,NA,NA,NA,NA,NA,NA,NA,NA,NA,NA
"186","32","    Plus: Canadian imports","CIMPS1",68.5,86,99.8,99.4,99,100.6,102.8,87.5,92.9,91.5,82.4,82.2,90.6,94.9,91.5,93.2,103.8,95.5,80.7,93.2,92,77.8,82.3,85.6,96.5,76.2,62.9,58.1,57.9,59.3,64.5,67.1,60,66.9,70.1,74.3,86.2,64.8,50.3,62.2,51.4,57.2,62,61.7,61.9,62.4,56.9,61.5,65.4,61.5,75.4,72.5,94.6,78.3,73.9,66.9,74.2,68.6,70,47.7,60.2,64.9,61.8,71.3,62.9,62.4,60.9,58.5,60,60.9,57.7,43.9,44.6,42.4,38.4,37.4,30.7,32.3,35.4,56.6,66.4,55.8,56.1,65.3,59.6,71,62.7,66.3,NA,NA,NA,NA,NA,NA,NA,NA,NA,NA,NA,NA,NA,NA,NA,NA,NA,NA,NA,NA,NA,NA,NA,NA,NA,NA,NA,NA,NA,NA,NA,NA,NA,NA,NA,NA,NA,NA,NA,NA,NA,NA,NA,NA,NA,NA,NA,NA,NA,NA,NA,NA,NA,NA,NA,NA,NA,NA,NA,NA,NA,NA,NA,NA,NA,NA,NA,NA,NA,NA,NA,NA,NA,NA,NA,NA,NA,NA,NA,NA,NA,NA,NA,NA,NA,NA,NA,NA,NA,NA,NA,NA,NA,NA,NA,NA,NA,NA,NA,NA,NA,NA,NA,NA,NA,NA,NA,NA,NA,NA,NA,NA,NA,NA,NA,NA,NA,NA,NA,NA,NA,NA,NA,NA,NA,NA,NA,NA
"187","33","    Plus: Mexican imports","MIMPS1",36.6,49.5,47.1,50.6,48.9,52.8,48.8,51.1,41.3,41.3,40.3,46.7,40,41.4,47.9,44.2,50.4,45.9,60.1,42.2,47.9,64.8,35,47.2,36.5,56.1,53.7,61,63.2,64.5,62.1,59.2,64.8,75.1,80.1,80.1,102.1,99.6,104.1,96.9,88.5,89.3,78.7,95,96,83.3,97.5,98.5,88.1,89.2,83.6,76.7,75,84.3,89.4,88.6,91.7,94.4,79.9,76.1,72.9,71.4,63.6,83.3,94.6,88.8,102.2,98.7,93.9,114.2,83.2,81.1,24.4,35.9,67.9,72.2,71.3,64.8,83.6,59,69.2,80.5,77.6,76.1,76,90.3,90.4,90,NA,NA,NA,NA,NA,NA,NA,NA,NA,NA,NA,NA,NA,NA,NA,NA,NA,NA,NA,NA,NA,NA,NA,NA,NA,NA,NA,NA,NA,NA,NA,NA,NA,NA,NA,NA,NA,NA,NA,NA,NA,NA,NA,NA,NA,NA,NA,NA,NA,NA,NA,NA,NA,NA,NA,NA,NA,NA,NA,NA,NA,NA,NA,NA,NA,NA,NA,NA,NA,NA,NA,NA,NA,NA,NA,NA,NA,NA,NA,NA,NA,NA,NA,NA,NA,NA,NA,NA,NA,NA,NA,NA,NA,NA,NA,NA,NA,NA,NA,NA,NA,NA,NA,NA,NA,NA,NA,NA,NA,NA,NA,NA,NA,NA,NA,NA,NA,NA,NA,NA,NA,NA,NA,NA,NA,NA,NA,NA
"188","34","    Less: Sales","SAMR1",485.3,443.3,457.8,451,443.9,470.5,464.5,480.3,460.9,441.2,471.8,456.7,434.6,457.1,467.6,432.1,473.8,432.4,454.3,437.7,443.7,435.9,443.8,483,451.5,451.3,469.6,479.2,450.8,447.6,486.7,470.2,477.5,438.2,462.8,448.1,542.5,465.3,448.4,470.3,443.1,442.4,469.3,445.1,444.3,431.9,423.8,449.6,441.5,434.4,429.7,422.3,452.3,439.8,419.8,430.1,434.7,437.2,465.8,445.7,435,429.9,416.5,406,428.8,404.8,375.9,376.2,361.3,319.8,282.4,298.5,247.5,244.4,271.5,261.7,267.6,276,346.6,438.8,272.3,304.5,317.9,345.7,316.4,311.2,355.9,327.6,329,NA,NA,NA,NA,NA,NA,NA,NA,NA,NA,NA,NA,NA,NA,NA,NA,NA,NA,NA,NA,NA,NA,NA,NA,NA,NA,NA,NA,NA,NA,NA,NA,NA,NA,NA,NA,NA,NA,NA,NA,NA,NA,NA,NA,NA,NA,NA,NA,NA,NA,NA,NA,NA,NA,NA,NA,NA,NA,NA,NA,NA,NA,NA,NA,NA,NA,NA,NA,NA,NA,NA,NA,NA,NA,NA,NA,NA,NA,NA,NA,NA,NA,NA,NA,NA,NA,NA,NA,NA,NA,NA,NA,NA,NA,NA,NA,NA,NA,NA,NA,NA,NA,NA,NA,NA,NA,NA,NA,NA,NA,NA,NA,NA,NA,NA,NA,NA,NA,NA,NA,NA,NA,NA,NA,NA,NA,NA
"189","35","    Less: Exports","EXPTS1",63,54.1,55,53.6,51,48.3,50.5,47.8,55.4,61.4,53.4,54.3,36,47.3,51.9,48.1,49.5,49.7,52.8,51.7,48,36.6,46.8,41,42.9,39.6,36.8,38,48.4,30.4,38.4,40.5,40.5,33,33,44,51,50.8,55.2,57.1,55.2,57.4,54.1,49.6,47.7,62.8,61.4,58.5,53.1,60.3,50,57.2,52.9,55,54.1,56.5,55.1,55.5,50.7,59.9,57.7,44.2,68.2,56.4,60.4,63.4,78.7,76.3,72.4,68.9,66.6,52.8,24.4,42.3,29.3,27.9,29.2,26.8,32.6,40.5,47.5,44.4,51.5,53.3,53.9,47.5,69.1,46,NA,NA,NA,NA,NA,NA,NA,NA,NA,NA,NA,NA,NA,NA,NA,NA,NA,NA,NA,NA,NA,NA,NA,NA,NA,NA,NA,NA,NA,NA,NA,NA,NA,NA,NA,NA,NA,NA,NA,NA,NA,NA,NA,NA,NA,NA,NA,NA,NA,NA,NA,NA,NA,NA,NA,NA,NA,NA,NA,NA,NA,NA,NA,NA,NA,NA,NA,NA,NA,NA,NA,NA,NA,NA,NA,NA,NA,NA,NA,NA,NA,NA,NA,NA,NA,NA,NA,NA,NA,NA,NA,NA,NA,NA,NA,NA,NA,NA,NA,NA,NA,NA,NA,NA,NA,NA,NA,NA,NA,NA,NA,NA,NA,NA,NA,NA,NA,NA,NA,NA,NA,NA,NA,NA,NA,NA,NA,NA
"190","36","    Equals: Inventory change","INVSC1",-17.4,10.8,2,11.8,30.4,14.5,-3.6,-37.2,23.3,6,-25.4,-24.6,16.1,3.6,-18.4,29.4,-13.9,-4.6,-24.5,0.8,3,4.7,-41.1,-35.2,-4.4,19.6,-31,-44.1,-23,11.1,-47,-33.4,-35.4,25.3,26.5,19.6,-24.1,20.5,32.2,14.9,13.6,-6.9,-54,11.3,30.2,7,17.1,18,6.3,-14,-3.9,-3.9,-16,2.5,25,-12.3,-23.3,-12.6,-39.8,-39.1,-24.9,-12.4,-29,-11.3,-29.6,-7,86.4,35,43.7,96.6,69.9,19.7,-92.8,-66.4,-30.5,-20.1,-35.6,-48.2,-76.1,-151.8,52.5,27.5,-7.5,-23,2.9,44.9,-31.6,24.8,50.8,NA,NA,NA,NA,NA,NA,NA,NA,NA,NA,NA,NA,NA,NA,NA,NA,NA,NA,NA,NA,NA,NA,NA,NA,NA,NA,NA,NA,NA,NA,NA,NA,NA,NA,NA,NA,NA,NA,NA,NA,NA,NA,NA,NA,NA,NA,NA,NA,NA,NA,NA,NA,NA,NA,NA,NA,NA,NA,NA,NA,NA,NA,NA,NA,NA,NA,NA,NA,NA,NA,NA,NA,NA,NA,NA,NA,NA,NA,NA,NA,NA,NA,NA,NA,NA,NA,NA,NA,NA,NA,NA,NA,NA,NA,NA,NA,NA,NA,NA,NA,NA,NA,NA,NA,NA,NA,NA,NA,NA,NA,NA,NA,NA,NA,NA,NA,NA,NA,NA,NA,NA,NA,NA,NA,NA,NA,NA
"191","37","    Inventory level (Thousands, SA)","INVS1",1229.4,1240.2,1242.2,1254,1284.4,1298.9,1295.3,1258.1,1281.4,1287.4,1262,1237.4,1253.5,1257.1,1238.7,1268.1,1254.2,1249.6,1225.1,1225.9,1228.9,1233.6,1192.5,1157.3,1152.9,1172.5,1141.5,1097.4,1074.4,1085.5,1038.5,1005.1,969.7,995,1021.5,1041.1,1017,1037.5,1069.7,1084.6,1098.2,1091.3,1037.3,1048.6,1078.8,1085.8,1102.9,1120.9,1127.2,1113.2,1109.3,1105.4,1089.4,1091.9,1116.9,1104.6,1081.3,1068.7,1028.9,989.8,964.9,952.5,923.5,912.2,882.6,875.6,962,997,1040.7,1137.3,1207.2,1226.9,1134.1,1067.7,1037.2,1017.1,981.5,933.3,857.2,705.4,757.9,785.4,777.9,754.9,757.8,802.7,771.1,795.9,846.7,NA,NA,NA,NA,NA,NA,NA,NA,NA,NA,NA,NA,NA,NA,NA,NA,NA,NA,NA,NA,NA,NA,NA,NA,NA,NA,NA,NA,NA,NA,NA,NA,NA,NA,NA,NA,NA,NA,NA,NA,NA,NA,NA,NA,NA,NA,NA,NA,NA,NA,NA,NA,NA,NA,NA,NA,NA,NA,NA,NA,NA,NA,NA,NA,NA,NA,NA,NA,NA,NA,NA,NA,NA,NA,NA,NA,NA,NA,NA,NA,NA,NA,NA,NA,NA,NA,NA,NA,NA,NA,NA,NA,NA,NA,NA,NA,NA,NA,NA,NA,NA,NA,NA,NA,NA,NA,NA,NA,NA,NA,NA,NA,NA,NA,NA,NA,NA,NA,NA,NA,NA,NA,NA,NA,NA,NA,NA
"192","38","    Inventory/sales ratio","INVSAL3",2.533,2.798,2.713,2.78,2.893,2.761,2.789,2.619,2.78,2.918,2.675,2.709,2.884,2.75,2.649,2.935,2.647,2.89,2.697,2.801,2.77,2.83,2.687,2.396,2.553,2.598,2.431,2.29,2.383,2.425,2.134,2.138,2.031,2.271,2.207,2.323,1.875,2.23,2.386,2.306,2.478,2.467,2.21,2.356,2.428,2.514,2.602,2.493,2.553,2.563,2.582,2.618,2.409,2.483,2.661,2.568,2.487,2.444,2.209,2.221,2.218,2.216,2.217,2.247,2.058,2.163,2.559,2.65,2.88,3.556,4.275,4.11,4.582,4.369,3.82,3.887,3.668,3.382,2.473,1.608,2.783,2.579,2.447,2.184,2.395,2.579,2.167,2.429,2.574,NA,NA,NA,NA,NA,NA,NA,NA,NA,NA,NA,NA,NA,NA,NA,NA,NA,NA,NA,NA,NA,NA,NA,NA,NA,NA,NA,NA,NA,NA,NA,NA,NA,NA,NA,NA,NA,NA,NA,NA,NA,NA,NA,NA,NA,NA,NA,NA,NA,NA,NA,NA,NA,NA,NA,NA,NA,NA,NA,NA,NA,NA,NA,NA,NA,NA,NA,NA,NA,NA,NA,NA,NA,NA,NA,NA,NA,NA,NA,NA,NA,NA,NA,NA,NA,NA,NA,NA,NA,NA,NA,NA,NA,NA,NA,NA,NA,NA,NA,NA,NA,NA,NA,NA,NA,NA,NA,NA,NA,NA,NA,NA,NA,NA,NA,NA,NA,NA,NA,NA,NA,NA,NA,NA,NA,NA,NA
"193","39","  Ward's inventory level estimate (Thousands, NSA)/1/","INVN1",1220.5,1250.3,1242.8,1228.9,1201,1185.8,1026.1,965.7,1014,1111.2,1145.5,1131,1170.2,1197.7,1211.5,1218.5,1134.2,1131.9,944.7,954.9,984.5,1056.7,1096.7,1052.9,1104.2,1147.4,1105.7,1045.4,977.6,978.5,768.4,755.9,756.3,848.8,939.1,945.8,974.3,1021.9,1091.6,1033.6,1005.4,997.7,796.9,810.8,866.7,967.4,1045.7,1043.6,1101.9,1114.9,1119.1,1071.5,988.3,981.4,884.4,871.6,866.8,960.5,1012.6,920.1,948.5,979.8,931.6,911.9,795.7,791.2,738.7,758.1,853.5,1042.8,1149.5,1154.9,1083.5,1026.5,1002.4,940.3,843.5,785.5,637.2,466.8,564.9,671.6,734.5,693.6,726.2,776.4,763.1,737.4,689.7,NA,NA,NA,NA,NA,NA,NA,NA,NA,NA,NA,NA,NA,NA,NA,NA,NA,NA,NA,NA,NA,NA,NA,NA,NA,NA,NA,NA,NA,NA,NA,NA,NA,NA,NA,NA,NA,NA,NA,NA,NA,NA,NA,NA,NA,NA,NA,NA,NA,NA,NA,NA,NA,NA,NA,NA,NA,NA,NA,NA,NA,NA,NA,NA,NA,NA,NA,NA,NA,NA,NA,NA,NA,NA,NA,NA,NA,NA,NA,NA,NA,NA,NA,NA,NA,NA,NA,NA,NA,NA,NA,NA,NA,NA,NA,NA,NA,NA,NA,NA,NA,NA,NA,NA,NA,NA,NA,NA,NA,NA,NA,NA,NA,NA,NA,NA,NA,NA,NA,NA,NA,NA,NA,NA,NA,NA,NA
"194",NA,"Average expenditure per car:"," ",NA,NA,NA,NA,NA,NA,NA,NA,NA,NA,NA,NA,NA,NA,NA,NA,NA,NA,NA,NA,NA,NA,NA,NA,NA,NA,NA,NA,NA,NA,NA,NA,NA,NA,NA,NA,NA,NA,NA,NA,NA,NA,NA,NA,NA,NA,NA,NA,NA,NA,NA,NA,NA,NA,NA,NA,NA,NA,NA,NA,NA,NA,NA,NA,NA,NA,NA,NA,NA,NA,NA,NA,NA,NA,NA,NA,NA,NA,NA,NA,NA,NA,NA,NA,NA,NA,NA,NA,NA,NA,NA,NA,NA,NA,NA,NA,NA,NA,NA,NA,NA,NA,NA,NA,NA,NA,NA,NA,NA,NA,NA,NA,NA,NA,NA,NA,NA,NA,NA,NA,NA,NA,NA,NA,NA,NA,NA,NA,NA,NA,NA,NA,NA,NA,NA,NA,NA,NA,NA,NA,NA,NA,NA,NA,NA,NA,NA,NA,NA,NA,NA,NA,NA,NA,NA,NA,NA,NA,NA,NA,NA,NA,NA,NA,NA,NA,NA,NA,NA,NA,NA,NA,NA,NA,NA,NA,NA,NA,NA,NA,NA,NA,NA,NA,NA,NA,NA,NA,NA,NA,NA,NA,NA,NA,NA,NA,NA,NA,NA,NA,NA,NA,NA,NA,NA,NA,NA,NA,NA,NA,NA,NA,NA,NA,NA,NA
"195","40","  Overall","UPR000",21887,21873,21516,21976,21669,21433,21496,21546,21865,21706,21487,21299,21795,21591,21876,22137,22074,21876,22002,22385,22221,22400,22213,22317,22199,22737,22674,22675,23075,23169,22941,22996,22916,23492,23542,23831,23633,23836,23808,23479,23480,23558,23375,23448,23621,23720,23923,23757,23993,23913,23876,24138,23845,23978,24115,23931,24001,23725,23653,23570,23407,23527,23712,23466,22874,23328,23836,23778,23630,23342,23125,22817,22769,22931,22733,23365,23777,23618,22314,21223,24605,24065,24117,23782,24102,23963,24507,24453,24678,NA,NA,NA,NA,NA,NA,NA,NA,NA,NA,NA,NA,NA,NA,NA,NA,NA,NA,NA,NA,NA,NA,NA,NA,NA,NA,NA,NA,NA,NA,NA,NA,NA,NA,NA,NA,NA,NA,NA,NA,NA,NA,NA,NA,NA,NA,NA,NA,NA,NA,NA,NA,NA,NA,NA,NA,NA,NA,NA,NA,NA,NA,NA,NA,NA,NA,NA,NA,NA,NA,NA,NA,NA,NA,NA,NA,NA,NA,NA,NA,NA,NA,NA,NA,NA,NA,NA,NA,NA,NA,NA,NA,NA,NA,NA,NA,NA,NA,NA,NA,NA,NA,NA,NA,NA,NA,NA,NA,NA,NA,NA,NA,NA,NA,NA,NA,NA,NA,NA,NA,NA,NA,NA,NA,NA,NA,NA
"196","41","    Domestic","UPR010",20189,20149,19977,20502,19920,19577,19696,20082,20121,19876,19787,19783,19934,19821,20151,20449,20573,20214,20505,20961,20808,21166,20919,20933,20848,21470,21433,21472,21695,21731,21363,21326,21577,21920,22093,22231,22275,22207,22172,22016,21951,21964,22045,22230,22305,22106,22371,22342,22450,22437,22340,22315,22124,22340,22408,22242,22356,22128,22149,22009,22014,22192,22476,22186,21658,22269,22688,22633,22355,22008,21856,21472,21691,21507,21442,22355,22697,22385,21117,20436,23324,23004,23048,22986,22782,23013,23381,23280,23454,NA,NA,NA,NA,NA,NA,NA,NA,NA,NA,NA,NA,NA,NA,NA,NA,NA,NA,NA,NA,NA,NA,NA,NA,NA,NA,NA,NA,NA,NA,NA,NA,NA,NA,NA,NA,NA,NA,NA,NA,NA,NA,NA,NA,NA,NA,NA,NA,NA,NA,NA,NA,NA,NA,NA,NA,NA,NA,NA,NA,NA,NA,NA,NA,NA,NA,NA,NA,NA,NA,NA,NA,NA,NA,NA,NA,NA,NA,NA,NA,NA,NA,NA,NA,NA,NA,NA,NA,NA,NA,NA,NA,NA,NA,NA,NA,NA,NA,NA,NA,NA,NA,NA,NA,NA,NA,NA,NA,NA,NA,NA,NA,NA,NA,NA,NA,NA,NA,NA,NA,NA,NA,NA,NA,NA,NA,NA
"197","42","    Foreign","UPR020",26206,26030,25402,25908,26378,26564,26387,25553,26466,26662,25996,25491,26917,26124,26360,26220,25910,25968,26099,26042,25803,25069,25243,25826,25700,25846,25873,25744,26538,26687,27063,27261,26301,27254,27350,27869,27721,28260,27956,27008,26912,27169,26331,26137,26558,27247,27211,26662,27289,27115,27197,28155,27725,27723,27895,27828,27651,27219,27126,27021,26547,26433,26112,25841,25192,25239,25937,26039,26422,26049,25559,25689,24650,25358,25098,25351,25887,26032,24805,22746,27068,26226,26409,25615,26805,26030,27298,27277,27644,NA,NA,NA,NA,NA,NA,NA,NA,NA,NA,NA,NA,NA,NA,NA,NA,NA,NA,NA,NA,NA,NA,NA,NA,NA,NA,NA,NA,NA,NA,NA,NA,NA,NA,NA,NA,NA,NA,NA,NA,NA,NA,NA,NA,NA,NA,NA,NA,NA,NA,NA,NA,NA,NA,NA,NA,NA,NA,NA,NA,NA,NA,NA,NA,NA,NA,NA,NA,NA,NA,NA,NA,NA,NA,NA,NA,NA,NA,NA,NA,NA,NA,NA,NA,NA,NA,NA,NA,NA,NA,NA,NA,NA,NA,NA,NA,NA,NA,NA,NA,NA,NA,NA,NA,NA,NA,NA,NA,NA,NA,NA,NA,NA,NA,NA,NA,NA,NA,NA,NA,NA,NA,NA,NA,NA,NA,NA
"198",NA,"Average expenditure per car by sector:"," ",NA,NA,NA,NA,NA,NA,NA,NA,NA,NA,NA,NA,NA,NA,NA,NA,NA,NA,NA,NA,NA,NA,NA,NA,NA,NA,NA,NA,NA,NA,NA,NA,NA,NA,NA,NA,NA,NA,NA,NA,NA,NA,NA,NA,NA,NA,NA,NA,NA,NA,NA,NA,NA,NA,NA,NA,NA,NA,NA,NA,NA,NA,NA,NA,NA,NA,NA,NA,NA,NA,NA,NA,NA,NA,NA,NA,NA,NA,NA,NA,NA,NA,NA,NA,NA,NA,NA,NA,NA,NA,NA,NA,NA,NA,NA,NA,NA,NA,NA,NA,NA,NA,NA,NA,NA,NA,NA,NA,NA,NA,NA,NA,NA,NA,NA,NA,NA,NA,NA,NA,NA,NA,NA,NA,NA,NA,NA,NA,NA,NA,NA,NA,NA,NA,NA,NA,NA,NA,NA,NA,NA,NA,NA,NA,NA,NA,NA,NA,NA,NA,NA,NA,NA,NA,NA,NA,NA,NA,NA,NA,NA,NA,NA,NA,NA,NA,NA,NA,NA,NA,NA,NA,NA,NA,NA,NA,NA,NA,NA,NA,NA,NA,NA,NA,NA,NA,NA,NA,NA,NA,NA,NA,NA,NA,NA,NA,NA,NA,NA,NA,NA,NA,NA,NA,NA,NA,NA,NA,NA,NA,NA,NA,NA,NA,NA,NA
"199","43","  Business","UPR030",23569,23480,23204,23701,23338,22886,22987,23332,23088,23276,23116,22686,23549,23153,23462,23696,23483,23266,23330,23686,23693,23994,23785,23720,23887,24234,24252,24412,24301,24677,24543,24573,24249,24982,24841,25499,25124,25485,25364,25203,25264,25239,25212,25291,25210,25340,25535,25410,25793,25594,25730,25902,25510,25547,25552,25377,25537,25544,25328,25545,25419,25431,25482,25362,24829,25249,25578,25652,25143,25278,25235,24829,25353,25723,25054,24981,25680,25739,24694,24343,26714,26180,26189,25604,25983,25507,25828,25908,26169,NA,NA,NA,NA,NA,NA,NA,NA,NA,NA,NA,NA,NA,NA,NA,NA,NA,NA,NA,NA,NA,NA,NA,NA,NA,NA,NA,NA,NA,NA,NA,NA,NA,NA,NA,NA,NA,NA,NA,NA,NA,NA,NA,NA,NA,NA,NA,NA,NA,NA,NA,NA,NA,NA,NA,NA,NA,NA,NA,NA,NA,NA,NA,NA,NA,NA,NA,NA,NA,NA,NA,NA,NA,NA,NA,NA,NA,NA,NA,NA,NA,NA,NA,NA,NA,NA,NA,NA,NA,NA,NA,NA,NA,NA,NA,NA,NA,NA,NA,NA,NA,NA,NA,NA,NA,NA,NA,NA,NA,NA,NA,NA,NA,NA,NA,NA,NA,NA,NA,NA,NA,NA,NA,NA,NA,NA,NA
"200","44","  Government","ZZZZZZ0",NA,NA,NA,NA,NA,NA,NA,NA,NA,NA,NA,NA,NA,NA,NA,NA,NA,NA,NA,NA,NA,NA,NA,NA,NA,NA,NA,NA,NA,NA,NA,NA,NA,NA,NA,NA,NA,NA,NA,NA,NA,NA,NA,NA,NA,NA,NA,NA,NA,NA,NA,NA,NA,NA,NA,NA,NA,NA,NA,NA,NA,NA,NA,NA,NA,NA,NA,NA,NA,NA,NA,NA,NA,NA,NA,NA,NA,NA,NA,NA,NA,NA,NA,NA,NA,NA,NA,NA,NA,NA,NA,NA,NA,NA,NA,NA,NA,NA,NA,NA,NA,NA,NA,NA,NA,NA,NA,NA,NA,NA,NA,NA,NA,NA,NA,NA,NA,NA,NA,NA,NA,NA,NA,NA,NA,NA,NA,NA,NA,NA,NA,NA,NA,NA,NA,NA,NA,NA,NA,NA,NA,NA,NA,NA,NA,NA,NA,NA,NA,NA,NA,NA,NA,NA,NA,NA,NA,NA,NA,NA,NA,NA,NA,NA,NA,NA,NA,NA,NA,NA,NA,NA,NA,NA,NA,NA,NA,NA,NA,NA,NA,NA,NA,NA,NA,NA,NA,NA,NA,NA,NA,NA,NA,NA,NA,NA,NA,NA,NA,NA,NA,NA,NA,NA,NA,NA,NA,NA,NA,NA,NA,NA,NA,NA,NA,NA
"201","45","  Consumer","UPR050",21333,21244,20893,21317,21014,20825,20818,20868,21346,21093,20931,20734,21176,21072,21379,21587,21524,21279,21382,21731,21682,21854,21634,21697,21799,22297,22099,21890,22696,22710,22452,22422,22455,22924,23037,23107,22969,23194,23191,22873,22938,23092,22810,22974,23117,23300,23350,23373,23368,23090,23316,23661,23278,23386,23582,23357,23419,23127,23124,22953,22721,22842,22998,22662,22074,22509,23154,23135,23165,22725,22606,22278,21881,22198,22166,22550,22995,22968,21503,20464,24113,23516,23483,22967,23357,23065,23692,23707,23931,NA,NA,NA,NA,NA,NA,NA,NA,NA,NA,NA,NA,NA,NA,NA,NA,NA,NA,NA,NA,NA,NA,NA,NA,NA,NA,NA,NA,NA,NA,NA,NA,NA,NA,NA,NA,NA,NA,NA,NA,NA,NA,NA,NA,NA,NA,NA,NA,NA,NA,NA,NA,NA,NA,NA,NA,NA,NA,NA,NA,NA,NA,NA,NA,NA,NA,NA,NA,NA,NA,NA,NA,NA,NA,NA,NA,NA,NA,NA,NA,NA,NA,NA,NA,NA,NA,NA,NA,NA,NA,NA,NA,NA,NA,NA,NA,NA,NA,NA,NA,NA,NA,NA,NA,NA,NA,NA,NA,NA,NA,NA,NA,NA,NA,NA,NA,NA,NA,NA,NA,NA,NA,NA,NA,NA,NA,NA
"202",NA,"Price:"," ",NA,NA,NA,NA,NA,NA,NA,NA,NA,NA,NA,NA,NA,NA,NA,NA,NA,NA,NA,NA,NA,NA,NA,NA,NA,NA,NA,NA,NA,NA,NA,NA,NA,NA,NA,NA,NA,NA,NA,NA,NA,NA,NA,NA,NA,NA,NA,NA,NA,NA,NA,NA,NA,NA,NA,NA,NA,NA,NA,NA,NA,NA,NA,NA,NA,NA,NA,NA,NA,NA,NA,NA,NA,NA,NA,NA,NA,NA,NA,NA,NA,NA,NA,NA,NA,NA,NA,NA,NA,NA,NA,NA,NA,NA,NA,NA,NA,NA,NA,NA,NA,NA,NA,NA,NA,NA,NA,NA,NA,NA,NA,NA,NA,NA,NA,NA,NA,NA,NA,NA,NA,NA,NA,NA,NA,NA,NA,NA,NA,NA,NA,NA,NA,NA,NA,NA,NA,NA,NA,NA,NA,NA,NA,NA,NA,NA,NA,NA,NA,NA,NA,NA,NA,NA,NA,NA,NA,NA,NA,NA,NA,NA,NA,NA,NA,NA,NA,NA,NA,NA,NA,NA,NA,NA,NA,NA,NA,NA,NA,NA,NA,NA,NA,NA,NA,NA,NA,NA,NA,NA,NA,NA,NA,NA,NA,NA,NA,NA,NA,NA,NA,NA,NA,NA,NA,NA,NA,NA,NA,NA,NA,NA,NA,NA,NA,NA
"203","46","  Consumer price index for new autos","CPA431",135.5,135.1,135.6,135.2,134.9,134.6,134.3,134.8,134.3,134,134,134,133.5,133.9,134.1,134,134.4,134.6,133.8,133.3,133,133.4,134.5,134.7,135.2,135.5,135.2,135.3,135.5,135.5,134.7,134,134.7,135.5,135.7,135.8,136.5,136.5,136.4,136.3,136.3,136.2,136.4,136.7,136.8,136.7,136.2,136.1,136,135.9,136.1,136.2,135.8,135.9,135.8,136.2,135.7,135.6,135.7,135.6,135.2,135.1,135.1,135.1,135.2,135.6,136.6,136.8,136.1,135.2,134.7,134.2,134.4,135,135.4,135.8,136.2,136.9,135.5,136,138.3,138.1,139.6,139.3,138.2,138.3,138.3,138,138.1,NA,NA,NA,NA,NA,NA,NA,NA,NA,NA,NA,NA,NA,NA,NA,NA,NA,NA,NA,NA,NA,NA,NA,NA,NA,NA,NA,NA,NA,NA,NA,NA,NA,NA,NA,NA,NA,NA,NA,NA,NA,NA,NA,NA,NA,NA,NA,NA,NA,NA,NA,NA,NA,NA,NA,NA,NA,NA,NA,NA,NA,NA,NA,NA,NA,NA,NA,NA,NA,NA,NA,NA,NA,NA,NA,NA,NA,NA,NA,NA,NA,NA,NA,NA,NA,NA,NA,NA,NA,NA,NA,NA,NA,NA,NA,NA,NA,NA,NA,NA,NA,NA,NA,NA,NA,NA,NA,NA,NA,NA,NA,NA,NA,NA,NA,NA,NA,NA,NA,NA,NA,NA,NA,NA,NA,NA,NA
"204",NA,NA,NA,NA,NA,NA,NA,NA,NA,NA,NA,NA,NA,NA,NA,NA,NA,NA,NA,NA,NA,NA,NA,NA,NA,NA,NA,NA,NA,NA,NA,NA,NA,NA,NA,NA,NA,NA,NA,NA,NA,NA,NA,NA,NA,NA,NA,NA,NA,NA,NA,NA,NA,NA,NA,NA,NA,NA,NA,NA,NA,NA,NA,NA,NA,NA,NA,NA,NA,NA,NA,NA,NA,NA,NA,NA,NA,NA,NA,NA,NA,NA,NA,NA,NA,NA,NA,NA,NA,NA,NA,NA,NA,NA,NA,NA,NA,NA,NA,NA,NA,NA,NA,NA,NA,NA,NA,NA,NA,NA,NA,NA,NA,NA,NA,NA,NA,NA,NA,NA,NA,NA,NA,NA,NA,NA,NA,NA,NA,NA,NA,NA,NA,NA,NA,NA,NA,NA,NA,NA,NA,NA,NA,NA,NA,NA,NA,NA,NA,NA,NA,NA,NA,NA,NA,NA,NA,NA,NA,NA,NA,NA,NA,NA,NA,NA,NA,NA,NA,NA,NA,NA,NA,NA,NA,NA,NA,NA,NA,NA,NA,NA,NA,NA,NA,NA,NA,NA,NA,NA,NA,NA,NA,NA,NA,NA,NA,NA,NA,NA,NA,NA,NA,NA,NA,NA,NA,NA,NA,NA,NA,NA,NA,NA,NA,NA,NA,NA,NA
"205","1.  Source: ""Ward's Automotive Reports""",NA,NA,NA,NA,NA,NA,NA,NA,NA,NA,NA,NA,NA,NA,NA,NA,NA,NA,NA,NA,NA,NA,NA,NA,NA,NA,NA,NA,NA,NA,NA,NA,NA,NA,NA,NA,NA,NA,NA,NA,NA,NA,NA,NA,NA,NA,NA,NA,NA,NA,NA,NA,NA,NA,NA,NA,NA,NA,NA,NA,NA,NA,NA,NA,NA,NA,NA,NA,NA,NA,NA,NA,NA,NA,NA,NA,NA,NA,NA,NA,NA,NA,NA,NA,NA,NA,NA,NA,NA,NA,NA,NA,NA,NA,NA,NA,NA,NA,NA,NA,NA,NA,NA,NA,NA,NA,NA,NA,NA,NA,NA,NA,NA,NA,NA,NA,NA,NA,NA,NA,NA,NA,NA,NA,NA,NA,NA,NA,NA,NA,NA,NA,NA,NA,NA,NA,NA,NA,NA,NA,NA,NA,NA,NA,NA,NA,NA,NA,NA,NA,NA,NA,NA,NA,NA,NA,NA,NA,NA,NA,NA,NA,NA,NA,NA,NA,NA,NA,NA,NA,NA,NA,NA,NA,NA,NA,NA,NA,NA,NA,NA,NA,NA,NA,NA,NA,NA,NA,NA,NA,NA,NA,NA,NA,NA,NA,NA,NA,NA,NA,NA,NA,NA,NA,NA,NA,NA,NA,NA,NA,NA,NA,NA,NA,NA,NA,NA,NA
"206","FRB  Federal Reserve Board",NA,NA,NA,NA,NA,NA,NA,NA,NA,NA,NA,NA,NA,NA,NA,NA,NA,NA,NA,NA,NA,NA,NA,NA,NA,NA,NA,NA,NA,NA,NA,NA,NA,NA,NA,NA,NA,NA,NA,NA,NA,NA,NA,NA,NA,NA,NA,NA,NA,NA,NA,NA,NA,NA,NA,NA,NA,NA,NA,NA,NA,NA,NA,NA,NA,NA,NA,NA,NA,NA,NA,NA,NA,NA,NA,NA,NA,NA,NA,NA,NA,NA,NA,NA,NA,NA,NA,NA,NA,NA,NA,NA,NA,NA,NA,NA,NA,NA,NA,NA,NA,NA,NA,NA,NA,NA,NA,NA,NA,NA,NA,NA,NA,NA,NA,NA,NA,NA,NA,NA,NA,NA,NA,NA,NA,NA,NA,NA,NA,NA,NA,NA,NA,NA,NA,NA,NA,NA,NA,NA,NA,NA,NA,NA,NA,NA,NA,NA,NA,NA,NA,NA,NA,NA,NA,NA,NA,NA,NA,NA,NA,NA,NA,NA,NA,NA,NA,NA,NA,NA,NA,NA,NA,NA,NA,NA,NA,NA,NA,NA,NA,NA,NA,NA,NA,NA,NA,NA,NA,NA,NA,NA,NA,NA,NA,NA,NA,NA,NA,NA,NA,NA,NA,NA,NA,NA,NA,NA,NA,NA,NA,NA,NA,NA,NA,NA,NA,NA
"207","SAAR Seasonally adjusted at annual rates",NA,NA,NA,NA,NA,NA,NA,NA,NA,NA,NA,NA,NA,NA,NA,NA,NA,NA,NA,NA,NA,NA,NA,NA,NA,NA,NA,NA,NA,NA,NA,NA,NA,NA,NA,NA,NA,NA,NA,NA,NA,NA,NA,NA,NA,NA,NA,NA,NA,NA,NA,NA,NA,NA,NA,NA,NA,NA,NA,NA,NA,NA,NA,NA,NA,NA,NA,NA,NA,NA,NA,NA,NA,NA,NA,NA,NA,NA,NA,NA,NA,NA,NA,NA,NA,NA,NA,NA,NA,NA,NA,NA,NA,NA,NA,NA,NA,NA,NA,NA,NA,NA,NA,NA,NA,NA,NA,NA,NA,NA,NA,NA,NA,NA,NA,NA,NA,NA,NA,NA,NA,NA,NA,NA,NA,NA,NA,NA,NA,NA,NA,NA,NA,NA,NA,NA,NA,NA,NA,NA,NA,NA,NA,NA,NA,NA,NA,NA,NA,NA,NA,NA,NA,NA,NA,NA,NA,NA,NA,NA,NA,NA,NA,NA,NA,NA,NA,NA,NA,NA,NA,NA,NA,NA,NA,NA,NA,NA,NA,NA,NA,NA,NA,NA,NA,NA,NA,NA,NA,NA,NA,NA,NA,NA,NA,NA,NA,NA,NA,NA,NA,NA,NA,NA,NA,NA,NA,NA,NA,NA,NA,NA,NA,NA,NA,NA,NA,NA
"208","GVW  Gross vehicle weight",NA,NA,NA,NA,NA,NA,NA,NA,NA,NA,NA,NA,NA,NA,NA,NA,NA,NA,NA,NA,NA,NA,NA,NA,NA,NA,NA,NA,NA,NA,NA,NA,NA,NA,NA,NA,NA,NA,NA,NA,NA,NA,NA,NA,NA,NA,NA,NA,NA,NA,NA,NA,NA,NA,NA,NA,NA,NA,NA,NA,NA,NA,NA,NA,NA,NA,NA,NA,NA,NA,NA,NA,NA,NA,NA,NA,NA,NA,NA,NA,NA,NA,NA,NA,NA,NA,NA,NA,NA,NA,NA,NA,NA,NA,NA,NA,NA,NA,NA,NA,NA,NA,NA,NA,NA,NA,NA,NA,NA,NA,NA,NA,NA,NA,NA,NA,NA,NA,NA,NA,NA,NA,NA,NA,NA,NA,NA,NA,NA,NA,NA,NA,NA,NA,NA,NA,NA,NA,NA,NA,NA,NA,NA,NA,NA,NA,NA,NA,NA,NA,NA,NA,NA,NA,NA,NA,NA,NA,NA,NA,NA,NA,NA,NA,NA,NA,NA,NA,NA,NA,NA,NA,NA,NA,NA,NA,NA,NA,NA,NA,NA,NA,NA,NA,NA,NA,NA,NA,NA,NA,NA,NA,NA,NA,NA,NA,NA,NA,NA,NA,NA,NA,NA,NA,NA,NA,NA,NA,NA,NA,NA,NA,NA,NA,NA,NA,NA,NA
"209","NSA  Not seasonally adjusted",NA,NA,NA,NA,NA,NA,NA,NA,NA,NA,NA,NA,NA,NA,NA,NA,NA,NA,NA,NA,NA,NA,NA,NA,NA,NA,NA,NA,NA,NA,NA,NA,NA,NA,NA,NA,NA,NA,NA,NA,NA,NA,NA,NA,NA,NA,NA,NA,NA,NA,NA,NA,NA,NA,NA,NA,NA,NA,NA,NA,NA,NA,NA,NA,NA,NA,NA,NA,NA,NA,NA,NA,NA,NA,NA,NA,NA,NA,NA,NA,NA,NA,NA,NA,NA,NA,NA,NA,NA,NA,NA,NA,NA,NA,NA,NA,NA,NA,NA,NA,NA,NA,NA,NA,NA,NA,NA,NA,NA,NA,NA,NA,NA,NA,NA,NA,NA,NA,NA,NA,NA,NA,NA,NA,NA,NA,NA,NA,NA,NA,NA,NA,NA,NA,NA,NA,NA,NA,NA,NA,NA,NA,NA,NA,NA,NA,NA,NA,NA,NA,NA,NA,NA,NA,NA,NA,NA,NA,NA,NA,NA,NA,NA,NA,NA,NA,NA,NA,NA,NA,NA,NA,NA,NA,NA,NA,NA,NA,NA,NA,NA,NA,NA,NA,NA,NA,NA,NA,NA,NA,NA,NA,NA,NA,NA,NA,NA,NA,NA,NA,NA,NA,NA,NA,NA,NA,NA,NA,NA,NA,NA,NA,NA,NA,NA,NA,NA,NA
"210","SA   Seasonally adjusted",NA,NA,NA,NA,NA,NA,NA,NA,NA,NA,NA,NA,NA,NA,NA,NA,NA,NA,NA,NA,NA,NA,NA,NA,NA,NA,NA,NA,NA,NA,NA,NA,NA,NA,NA,NA,NA,NA,NA,NA,NA,NA,NA,NA,NA,NA,NA,NA,NA,NA,NA,NA,NA,NA,NA,NA,NA,NA,NA,NA,NA,NA,NA,NA,NA,NA,NA,NA,NA,NA,NA,NA,NA,NA,NA,NA,NA,NA,NA,NA,NA,NA,NA,NA,NA,NA,NA,NA,NA,NA,NA,NA,NA,NA,NA,NA,NA,NA,NA,NA,NA,NA,NA,NA,NA,NA,NA,NA,NA,NA,NA,NA,NA,NA,NA,NA,NA,NA,NA,NA,NA,NA,NA,NA,NA,NA,NA,NA,NA,NA,NA,NA,NA,NA,NA,NA,NA,NA,NA,NA,NA,NA,NA,NA,NA,NA,NA,NA,NA,NA,NA,NA,NA,NA,NA,NA,NA,NA,NA,NA,NA,NA,NA,NA,NA,NA,NA,NA,NA,NA,NA,NA,NA,NA,NA,NA,NA,NA,NA,NA,NA,NA,NA,NA,NA,NA,NA,NA,NA,NA,NA,NA,NA,NA,NA,NA,NA,NA,NA,NA,NA,NA,NA,NA,NA,NA,NA,NA,NA,NA,NA,NA,NA,NA,NA,NA,NA,NA
