"","Table 4#2#5# Exports and Imports of Goods and Services by Type o","F2","F3","F4","F5","F6","F7","F8","F9","F10","F11","F12","F13","F14","F15","F16","F17","F18","F19","F20","F21","F22","F23","F24","F25","F26","F27","F28","F29","F30","F31","F32","F33","F34","F35","F36","F37","F38","F39","F40","F41","F42","F43","F44","F45","F46","F47","F48","F49","F50","F51","F52","F53","F54","F55","F56","F57","F58","F59","F60","F61","F62","F63","F64","F65","F66","F67","F68","F69","F70","F71","F72","F73","F74","F75","F76","F77","F78","F79","F80","F81","F82","F83","F84","F85","F86","F87","F88","F89","F90","F91","F92","F93","F94","F95","F96","F97","F98","F99","F100","F101","F102","F103","F104","F105","F106","F107","F108","F109","F110","F111","F112","F113","F114","F115","F116","F117","F118","F119","F120","F121","F122","F123","F124","F125","F126","F127","F128","F129","F130","F131","F132","F133","F134","F135","F136","F137","F138","F139","F140","F141","F142","F143","F144","F145","F146","F147","F148","F149","F150","F151","F152","F153","F154","F155","F156","F157","F158","F159","F160","F161","F162","F163","F164","F165","F166","F167","F168","F169","F170","F171","F172","F173","F174"
"1","[Millions of dollars]; Seasonally adjusted at annual rates                                                                 ",NA,NA,NA,NA,NA,NA,NA,NA,NA,NA,NA,NA,NA,NA,NA,NA,NA,NA,NA,NA,NA,NA,NA,NA,NA,NA,NA,NA,NA,NA,NA,NA,NA,NA,NA,NA,NA,NA,NA,NA,NA,NA,NA,NA,NA,NA,NA,NA,NA,NA,NA,NA,NA,NA,NA,NA,NA,NA,NA,NA,NA,NA,NA,NA,NA,NA,NA,NA,NA,NA,NA,NA,NA,NA,NA,NA,NA,NA,NA,NA,NA,NA,NA,NA,NA,NA,NA,NA,NA,NA,NA,NA,NA,NA,NA,NA,NA,NA,NA,NA,NA,NA,NA,NA,NA,NA,NA,NA,NA,NA,NA,NA,NA,NA,NA,NA,NA,NA,NA,NA,NA,NA,NA,NA,NA,NA,NA,NA,NA,NA,NA,NA,NA,NA,NA,NA,NA,NA,NA,NA,NA,NA,NA,NA,NA,NA,NA,NA,NA,NA,NA,NA,NA,NA,NA,NA,NA,NA,NA,NA,NA,NA,NA,NA,NA,NA,NA,NA,NA,NA,NA,NA,NA
"2","Quarterly data from 1969 To 2011",NA,NA,NA,NA,NA,NA,NA,NA,NA,NA,NA,NA,NA,NA,NA,NA,NA,NA,NA,NA,NA,NA,NA,NA,NA,NA,NA,NA,NA,NA,NA,NA,NA,NA,NA,NA,NA,NA,NA,NA,NA,NA,NA,NA,NA,NA,NA,NA,NA,NA,NA,NA,NA,NA,NA,NA,NA,NA,NA,NA,NA,NA,NA,NA,NA,NA,NA,NA,NA,NA,NA,NA,NA,NA,NA,NA,NA,NA,NA,NA,NA,NA,NA,NA,NA,NA,NA,NA,NA,NA,NA,NA,NA,NA,NA,NA,NA,NA,NA,NA,NA,NA,NA,NA,NA,NA,NA,NA,NA,NA,NA,NA,NA,NA,NA,NA,NA,NA,NA,NA,NA,NA,NA,NA,NA,NA,NA,NA,NA,NA,NA,NA,NA,NA,NA,NA,NA,NA,NA,NA,NA,NA,NA,NA,NA,NA,NA,NA,NA,NA,NA,NA,NA,NA,NA,NA,NA,NA,NA,NA,NA,NA,NA,NA,NA,NA,NA,NA,NA,NA,NA,NA,NA
"3","Bureau of Economic Analysis",NA,NA,NA,NA,NA,NA,NA,NA,NA,NA,NA,NA,NA,NA,NA,NA,NA,NA,NA,NA,NA,NA,NA,NA,NA,NA,NA,NA,NA,NA,NA,NA,NA,NA,NA,NA,NA,NA,NA,NA,NA,NA,NA,NA,NA,NA,NA,NA,NA,NA,NA,NA,NA,NA,NA,NA,NA,NA,NA,NA,NA,NA,NA,NA,NA,NA,NA,NA,NA,NA,NA,NA,NA,NA,NA,NA,NA,NA,NA,NA,NA,NA,NA,NA,NA,NA,NA,NA,NA,NA,NA,NA,NA,NA,NA,NA,NA,NA,NA,NA,NA,NA,NA,NA,NA,NA,NA,NA,NA,NA,NA,NA,NA,NA,NA,NA,NA,NA,NA,NA,NA,NA,NA,NA,NA,NA,NA,NA,NA,NA,NA,NA,NA,NA,NA,NA,NA,NA,NA,NA,NA,NA,NA,NA,NA,NA,NA,NA,NA,NA,NA,NA,NA,NA,NA,NA,NA,NA,NA,NA,NA,NA,NA,NA,NA,NA,NA,NA,NA,NA,NA,NA,NA
"4","Data published November 22, 2011 ",NA,NA,NA,NA,NA,NA,NA,NA,NA,NA,NA,NA,NA,NA,NA,NA,NA,NA,NA,NA,NA,NA,NA,NA,NA,NA,NA,NA,NA,NA,NA,NA,NA,NA,NA,NA,NA,NA,NA,NA,NA,NA,NA,NA,NA,NA,NA,NA,NA,NA,NA,NA,NA,NA,NA,NA,NA,NA,NA,NA,NA,NA,NA,NA,NA,NA,NA,NA,NA,NA,NA,NA,NA,NA,NA,NA,NA,NA,NA,NA,NA,NA,NA,NA,NA,NA,NA,NA,NA,NA,NA,NA,NA,NA,NA,NA,NA,NA,NA,NA,NA,NA,NA,NA,NA,NA,NA,NA,NA,NA,NA,NA,NA,NA,NA,NA,NA,NA,NA,NA,NA,NA,NA,NA,NA,NA,NA,NA,NA,NA,NA,NA,NA,NA,NA,NA,NA,NA,NA,NA,NA,NA,NA,NA,NA,NA,NA,NA,NA,NA,NA,NA,NA,NA,NA,NA,NA,NA,NA,NA,NA,NA,NA,NA,NA,NA,NA,NA,NA,NA,NA,NA,NA
"5","File created 11/21/2011 8:27:17 AM",NA,NA,NA,NA,NA,NA,NA,NA,NA,NA,NA,NA,NA,NA,NA,NA,NA,NA,NA,NA,NA,NA,NA,NA,NA,NA,NA,NA,NA,NA,NA,NA,NA,NA,NA,NA,NA,NA,NA,NA,NA,NA,NA,NA,NA,NA,NA,NA,NA,NA,NA,NA,NA,NA,NA,NA,NA,NA,NA,NA,NA,NA,NA,NA,NA,NA,NA,NA,NA,NA,NA,NA,NA,NA,NA,NA,NA,NA,NA,NA,NA,NA,NA,NA,NA,NA,NA,NA,NA,NA,NA,NA,NA,NA,NA,NA,NA,NA,NA,NA,NA,NA,NA,NA,NA,NA,NA,NA,NA,NA,NA,NA,NA,NA,NA,NA,NA,NA,NA,NA,NA,NA,NA,NA,NA,NA,NA,NA,NA,NA,NA,NA,NA,NA,NA,NA,NA,NA,NA,NA,NA,NA,NA,NA,NA,NA,NA,NA,NA,NA,NA,NA,NA,NA,NA,NA,NA,NA,NA,NA,NA,NA,NA,NA,NA,NA,NA,NA,NA,NA,NA,NA,NA
"6",NA,NA,NA,NA,NA,NA,NA,NA,NA,NA,NA,NA,NA,NA,NA,NA,NA,NA,NA,NA,NA,NA,NA,NA,NA,NA,NA,NA,NA,NA,NA,NA,NA,NA,NA,NA,NA,NA,NA,NA,NA,NA,NA,NA,NA,NA,NA,NA,NA,NA,NA,NA,NA,NA,NA,NA,NA,NA,NA,NA,NA,NA,NA,NA,NA,NA,NA,NA,NA,NA,NA,NA,NA,NA,NA,NA,NA,NA,NA,NA,NA,NA,NA,NA,NA,NA,NA,NA,NA,NA,NA,NA,NA,NA,NA,NA,NA,NA,NA,NA,NA,NA,NA,NA,NA,NA,NA,NA,NA,NA,NA,NA,NA,NA,NA,NA,NA,NA,NA,NA,NA,NA,NA,NA,NA,NA,NA,NA,NA,NA,NA,NA,NA,NA,NA,NA,NA,NA,NA,NA,NA,NA,NA,NA,NA,NA,NA,NA,NA,NA,NA,NA,NA,NA,NA,NA,NA,NA,NA,NA,NA,NA,NA,NA,NA,NA,NA,NA,NA,NA,NA,NA,NA,NA
"7","Cautionary note on the use of data in millions of",NA,NA,NA,NA,NA,NA,NA,NA,NA,NA,NA,NA,NA,NA,NA,NA,NA,NA,NA,NA,NA,NA,NA,NA,NA,NA,NA,NA,NA,NA,NA,NA,NA,NA,NA,NA,NA,NA,NA,NA,NA,NA,NA,NA,NA,NA,NA,NA,NA,NA,NA,NA,NA,NA,NA,NA,NA,NA,NA,NA,NA,NA,NA,NA,NA,NA,NA,NA,NA,NA,NA,NA,NA,NA,NA,NA,NA,NA,NA,NA,NA,NA,NA,NA,NA,NA,NA,NA,NA,NA,NA,NA,NA,NA,NA,NA,NA,NA,NA,NA,NA,NA,NA,NA,NA,NA,NA,NA,NA,NA,NA,NA,NA,NA,NA,NA,NA,NA,NA,NA,NA,NA,NA,NA,NA,NA,NA,NA,NA,NA,NA,NA,NA,NA,NA,NA,NA,NA,NA,NA,NA,NA,NA,NA,NA,NA,NA,NA,NA,NA,NA,NA,NA,NA,NA,NA,NA,NA,NA,NA,NA,NA,NA,NA,NA,NA,NA,NA,NA,NA,NA,NA,NA
"8","dollars -- The tables provided include estimates in ",NA,NA,NA,NA,NA,NA,NA,NA,NA,NA,NA,NA,NA,NA,NA,NA,NA,NA,NA,NA,NA,NA,NA,NA,NA,NA,NA,NA,NA,NA,NA,NA,NA,NA,NA,NA,NA,NA,NA,NA,NA,NA,NA,NA,NA,NA,NA,NA,NA,NA,NA,NA,NA,NA,NA,NA,NA,NA,NA,NA,NA,NA,NA,NA,NA,NA,NA,NA,NA,NA,NA,NA,NA,NA,NA,NA,NA,NA,NA,NA,NA,NA,NA,NA,NA,NA,NA,NA,NA,NA,NA,NA,NA,NA,NA,NA,NA,NA,NA,NA,NA,NA,NA,NA,NA,NA,NA,NA,NA,NA,NA,NA,NA,NA,NA,NA,NA,NA,NA,NA,NA,NA,NA,NA,NA,NA,NA,NA,NA,NA,NA,NA,NA,NA,NA,NA,NA,NA,NA,NA,NA,NA,NA,NA,NA,NA,NA,NA,NA,NA,NA,NA,NA,NA,NA,NA,NA,NA,NA,NA,NA,NA,NA,NA,NA,NA,NA,NA,NA,NA,NA,NA,NA
"9","millions of dollars for NIPA series that appear regularly in the national income ",NA,NA,NA,NA,NA,NA,NA,NA,NA,NA,NA,NA,NA,NA,NA,NA,NA,NA,NA,NA,NA,NA,NA,NA,NA,NA,NA,NA,NA,NA,NA,NA,NA,NA,NA,NA,NA,NA,NA,NA,NA,NA,NA,NA,NA,NA,NA,NA,NA,NA,NA,NA,NA,NA,NA,NA,NA,NA,NA,NA,NA,NA,NA,NA,NA,NA,NA,NA,NA,NA,NA,NA,NA,NA,NA,NA,NA,NA,NA,NA,NA,NA,NA,NA,NA,NA,NA,NA,NA,NA,NA,NA,NA,NA,NA,NA,NA,NA,NA,NA,NA,NA,NA,NA,NA,NA,NA,NA,NA,NA,NA,NA,NA,NA,NA,NA,NA,NA,NA,NA,NA,NA,NA,NA,NA,NA,NA,NA,NA,NA,NA,NA,NA,NA,NA,NA,NA,NA,NA,NA,NA,NA,NA,NA,NA,NA,NA,NA,NA,NA,NA,NA,NA,NA,NA,NA,NA,NA,NA,NA,NA,NA,NA,NA,NA,NA,NA,NA,NA,NA,NA,NA,NA
"10","and product account (NIPA) tables published in the Survey of Current Business. ",NA,NA,NA,NA,NA,NA,NA,NA,NA,NA,NA,NA,NA,NA,NA,NA,NA,NA,NA,NA,NA,NA,NA,NA,NA,NA,NA,NA,NA,NA,NA,NA,NA,NA,NA,NA,NA,NA,NA,NA,NA,NA,NA,NA,NA,NA,NA,NA,NA,NA,NA,NA,NA,NA,NA,NA,NA,NA,NA,NA,NA,NA,NA,NA,NA,NA,NA,NA,NA,NA,NA,NA,NA,NA,NA,NA,NA,NA,NA,NA,NA,NA,NA,NA,NA,NA,NA,NA,NA,NA,NA,NA,NA,NA,NA,NA,NA,NA,NA,NA,NA,NA,NA,NA,NA,NA,NA,NA,NA,NA,NA,NA,NA,NA,NA,NA,NA,NA,NA,NA,NA,NA,NA,NA,NA,NA,NA,NA,NA,NA,NA,NA,NA,NA,NA,NA,NA,NA,NA,NA,NA,NA,NA,NA,NA,NA,NA,NA,NA,NA,NA,NA,NA,NA,NA,NA,NA,NA,NA,NA,NA,NA,NA,NA,NA,NA,NA,NA,NA,NA,NA,NA,NA
"11","The Bureau of Economic Analysis (BEA) generally does not include estimates at ",NA,NA,NA,NA,NA,NA,NA,NA,NA,NA,NA,NA,NA,NA,NA,NA,NA,NA,NA,NA,NA,NA,NA,NA,NA,NA,NA,NA,NA,NA,NA,NA,NA,NA,NA,NA,NA,NA,NA,NA,NA,NA,NA,NA,NA,NA,NA,NA,NA,NA,NA,NA,NA,NA,NA,NA,NA,NA,NA,NA,NA,NA,NA,NA,NA,NA,NA,NA,NA,NA,NA,NA,NA,NA,NA,NA,NA,NA,NA,NA,NA,NA,NA,NA,NA,NA,NA,NA,NA,NA,NA,NA,NA,NA,NA,NA,NA,NA,NA,NA,NA,NA,NA,NA,NA,NA,NA,NA,NA,NA,NA,NA,NA,NA,NA,NA,NA,NA,NA,NA,NA,NA,NA,NA,NA,NA,NA,NA,NA,NA,NA,NA,NA,NA,NA,NA,NA,NA,NA,NA,NA,NA,NA,NA,NA,NA,NA,NA,NA,NA,NA,NA,NA,NA,NA,NA,NA,NA,NA,NA,NA,NA,NA,NA,NA,NA,NA,NA,NA,NA,NA,NA,NA
"12","this level of precision in the published tables because the associated sampling ",NA,NA,NA,NA,NA,NA,NA,NA,NA,NA,NA,NA,NA,NA,NA,NA,NA,NA,NA,NA,NA,NA,NA,NA,NA,NA,NA,NA,NA,NA,NA,NA,NA,NA,NA,NA,NA,NA,NA,NA,NA,NA,NA,NA,NA,NA,NA,NA,NA,NA,NA,NA,NA,NA,NA,NA,NA,NA,NA,NA,NA,NA,NA,NA,NA,NA,NA,NA,NA,NA,NA,NA,NA,NA,NA,NA,NA,NA,NA,NA,NA,NA,NA,NA,NA,NA,NA,NA,NA,NA,NA,NA,NA,NA,NA,NA,NA,NA,NA,NA,NA,NA,NA,NA,NA,NA,NA,NA,NA,NA,NA,NA,NA,NA,NA,NA,NA,NA,NA,NA,NA,NA,NA,NA,NA,NA,NA,NA,NA,NA,NA,NA,NA,NA,NA,NA,NA,NA,NA,NA,NA,NA,NA,NA,NA,NA,NA,NA,NA,NA,NA,NA,NA,NA,NA,NA,NA,NA,NA,NA,NA,NA,NA,NA,NA,NA,NA,NA,NA,NA,NA,NA,NA
"13","and nonsampling errors are larger than this implied level of precision. Compared ",NA,NA,NA,NA,NA,NA,NA,NA,NA,NA,NA,NA,NA,NA,NA,NA,NA,NA,NA,NA,NA,NA,NA,NA,NA,NA,NA,NA,NA,NA,NA,NA,NA,NA,NA,NA,NA,NA,NA,NA,NA,NA,NA,NA,NA,NA,NA,NA,NA,NA,NA,NA,NA,NA,NA,NA,NA,NA,NA,NA,NA,NA,NA,NA,NA,NA,NA,NA,NA,NA,NA,NA,NA,NA,NA,NA,NA,NA,NA,NA,NA,NA,NA,NA,NA,NA,NA,NA,NA,NA,NA,NA,NA,NA,NA,NA,NA,NA,NA,NA,NA,NA,NA,NA,NA,NA,NA,NA,NA,NA,NA,NA,NA,NA,NA,NA,NA,NA,NA,NA,NA,NA,NA,NA,NA,NA,NA,NA,NA,NA,NA,NA,NA,NA,NA,NA,NA,NA,NA,NA,NA,NA,NA,NA,NA,NA,NA,NA,NA,NA,NA,NA,NA,NA,NA,NA,NA,NA,NA,NA,NA,NA,NA,NA,NA,NA,NA,NA,NA,NA,NA,NA,NA
"14","with the published aggregates, the million-dollar estimates ",NA,NA,NA,NA,NA,NA,NA,NA,NA,NA,NA,NA,NA,NA,NA,NA,NA,NA,NA,NA,NA,NA,NA,NA,NA,NA,NA,NA,NA,NA,NA,NA,NA,NA,NA,NA,NA,NA,NA,NA,NA,NA,NA,NA,NA,NA,NA,NA,NA,NA,NA,NA,NA,NA,NA,NA,NA,NA,NA,NA,NA,NA,NA,NA,NA,NA,NA,NA,NA,NA,NA,NA,NA,NA,NA,NA,NA,NA,NA,NA,NA,NA,NA,NA,NA,NA,NA,NA,NA,NA,NA,NA,NA,NA,NA,NA,NA,NA,NA,NA,NA,NA,NA,NA,NA,NA,NA,NA,NA,NA,NA,NA,NA,NA,NA,NA,NA,NA,NA,NA,NA,NA,NA,NA,NA,NA,NA,NA,NA,NA,NA,NA,NA,NA,NA,NA,NA,NA,NA,NA,NA,NA,NA,NA,NA,NA,NA,NA,NA,NA,NA,NA,NA,NA,NA,NA,NA,NA,NA,NA,NA,NA,NA,NA,NA,NA,NA,NA,NA,NA,NA,NA,NA
"15","are generally not any more accurate.",NA,NA,NA,NA,NA,NA,NA,NA,NA,NA,NA,NA,NA,NA,NA,NA,NA,NA,NA,NA,NA,NA,NA,NA,NA,NA,NA,NA,NA,NA,NA,NA,NA,NA,NA,NA,NA,NA,NA,NA,NA,NA,NA,NA,NA,NA,NA,NA,NA,NA,NA,NA,NA,NA,NA,NA,NA,NA,NA,NA,NA,NA,NA,NA,NA,NA,NA,NA,NA,NA,NA,NA,NA,NA,NA,NA,NA,NA,NA,NA,NA,NA,NA,NA,NA,NA,NA,NA,NA,NA,NA,NA,NA,NA,NA,NA,NA,NA,NA,NA,NA,NA,NA,NA,NA,NA,NA,NA,NA,NA,NA,NA,NA,NA,NA,NA,NA,NA,NA,NA,NA,NA,NA,NA,NA,NA,NA,NA,NA,NA,NA,NA,NA,NA,NA,NA,NA,NA,NA,NA,NA,NA,NA,NA,NA,NA,NA,NA,NA,NA,NA,NA,NA,NA,NA,NA,NA,NA,NA,NA,NA,NA,NA,NA,NA,NA,NA,NA,NA,NA,NA,NA,NA
"16",NA,NA,NA,NA,NA,NA,NA,NA,NA,NA,NA,NA,NA,NA,NA,NA,NA,NA,NA,NA,NA,NA,NA,NA,NA,NA,NA,NA,NA,NA,NA,NA,NA,NA,NA,NA,NA,NA,NA,NA,NA,NA,NA,NA,NA,NA,NA,NA,NA,NA,NA,NA,NA,NA,NA,NA,NA,NA,NA,NA,NA,NA,NA,NA,NA,NA,NA,NA,NA,NA,NA,NA,NA,NA,NA,NA,NA,NA,NA,NA,NA,NA,NA,NA,NA,NA,NA,NA,NA,NA,NA,NA,NA,NA,NA,NA,NA,NA,NA,NA,NA,NA,NA,NA,NA,NA,NA,NA,NA,NA,NA,NA,NA,NA,NA,NA,NA,NA,NA,NA,NA,NA,NA,NA,NA,NA,NA,NA,NA,NA,NA,NA,NA,NA,NA,NA,NA,NA,NA,NA,NA,NA,NA,NA,NA,NA,NA,NA,NA,NA,NA,NA,NA,NA,NA,NA,NA,NA,NA,NA,NA,NA,NA,NA,NA,NA,NA,NA,NA,NA,NA,NA,NA,NA
"17",NA,NA,NA,NA,NA,NA,NA,NA,NA,NA,NA,NA,NA,NA,NA,NA,NA,NA,NA,NA,NA,NA,NA,NA,NA,NA,NA,NA,NA,NA,NA,NA,NA,NA,NA,NA,NA,NA,NA,NA,NA,NA,NA,NA,NA,NA,NA,NA,NA,NA,NA,NA,NA,NA,NA,NA,NA,NA,NA,NA,NA,NA,NA,NA,NA,NA,NA,NA,NA,NA,NA,NA,NA,NA,NA,NA,NA,NA,NA,NA,NA,NA,NA,NA,NA,NA,NA,NA,NA,NA,NA,NA,NA,NA,NA,NA,NA,NA,NA,NA,NA,NA,NA,NA,NA,NA,NA,NA,NA,NA,NA,NA,NA,NA,NA,NA,NA,NA,NA,NA,NA,NA,NA,NA,NA,NA,NA,NA,NA,NA,NA,NA,NA,NA,NA,NA,NA,NA,NA,NA,NA,NA,NA,NA,NA,NA,NA,NA,NA,NA,NA,NA,NA,NA,NA,NA,NA,NA,NA,NA,NA,NA,NA,NA,NA,NA,NA,NA,NA,NA,NA,NA,NA,NA
"18","Line",NA,NA,"1969","1969","1969","1969","1970","1970","1970","1970","1971","1971","1971","1971","1972","1972","1972","1972","1973","1973","1973","1973","1974","1974","1974","1974","1975","1975","1975","1975","1976","1976","1976","1976","1977","1977","1977","1977","1978","1978","1978","1978","1979","1979","1979","1979","1980","1980","1980","1980","1981","1981","1981","1981","1982","1982","1982","1982","1983","1983","1983","1983","1984","1984","1984","1984","1985","1985","1985","1985","1986","1986","1986","1986","1987","1987","1987","1987","1988","1988","1988","1988","1989","1989","1989","1989","1990","1990","1990","1990","1991","1991","1991","1991","1992","1992","1992","1992","1993","1993","1993","1993","1994","1994","1994","1994","1995","1995","1995","1995","1996","1996","1996","1996","1997","1997","1997","1997","1998","1998","1998","1998","1999","1999","1999","1999","2000","2000","2000","2000","2001","2001","2001","2001","2002","2002","2002","2002","2003","2003","2003","2003","2004","2004","2004","2004","2005","2005","2005","2005","2006","2006","2006","2006","2007","2007","2007","2007","2008","2008","2008","2008","2009","2009","2009","2009","2010","2010","2010","2010","2011","2011","2011"
"19",NA,NA,NA,"1","2","3","4","1","2","3","4","1","2","3","4","1","2","3","4","1","2","3","4","1","2","3","4","1","2","3","4","1","2","3","4","1","2","3","4","1","2","3","4","1","2","3","4","1","2","3","4","1","2","3","4","1","2","3","4","1","2","3","4","1","2","3","4","1","2","3","4","1","2","3","4","1","2","3","4","1","2","3","4","1","2","3","4","1","2","3","4","1","2","3","4","1","2","3","4","1","2","3","4","1","2","3","4","1","2","3","4","1","2","3","4","1","2","3","4","1","2","3","4","1","2","3","4","1","2","3","4","1","2","3","4","1","2","3","4","1","2","3","4","1","2","3","4","1","2","3","4","1","2","3","4","1","2","3","4","1","2","3","4","1","2","3","4","1","2","3","4","1","2","3"
"20","1","    Exports of goods and services","B020RC1","43,974.0","53,915.0","53,340.0","56,459.0","56,913.0","60,589.0","60,274.0","61,058.0","63,074.0","63,103.0","65,393.0","60,282.0","68,639.0","67,152.0","71,453.0","76,129.0","83,959.0","91,923.0","97,576.0","107,620.0","116,709.0","126,668.0","126,638.0","136,585.0","141,369.0","136,827.0","134,098.0","142,531.0","143,588.0","146,621.0","151,775.0","156,076.0","155,354.0","161,906.0","162,325.0","157,809.0","164,599.0","186,216.0","191,302.0","205,415.0","211,670.0","220,907.0","234,279.0","253,666.0","268,508.0","277,389.0","284,672.0","292,517.0","305,461.0","308,448.0","302,331.0","304,687.0","293,195.0","294,722.0","279,628.0","265,268.0","270,695.0","272,509.0","278,174.0","286,583.0","292,965.0","302,192.0","305,736.0","308,598.0","305,405.0","303,128.0","295,561.0","303,986.0","311,977.0","314,196.0","320,156.0","335,003.0","336,662.0","354,989.0","371,580.0","391,825.0","418,351.0","438,935.0","452,661.0","465,588.0","484,008.0","505,849.0","508,158.0","514,547.0","537,603.0","546,395.0","555,710.0","568,781.0","574,725.0","592,344.0","602,162.0","617,108.0","627,321.0","627,895.0","641,402.0","643,218.0","644,987.0","654,278.0","651,382.0","671,690.0","681,166.0","706,286.0","737,075.0","758,264.0","780,693.0","797,741.0","830,469.0","838,615.0","847,622.0","858,990.0","859,710.0","904,340.0","919,129.0","955,000.0","974,668.0","968,879.0","963,755.0","947,833.0","935,999.0","967,857.0","958,672.0","971,224.0","998,819.0","1,028,537.0","1,052,836.0","1,089,225.0","1,119,079.0","1,111,813.0","1,097,072.0","1,056,553.0","997,148.0","960,121.0","973,431.0","1,005,933.0","1,020,562.0","1,012,176.0","1,012,543.0","1,011,569.0","1,041,366.0","1,098,644.0","1,138,785.0","1,170,805.0","1,185,411.0","1,225,898.0","1,262,355.0","1,298,455.0","1,308,157.0","1,351,264.0","1,414,004.0","1,456,011.0","1,475,956.0","1,538,155.0","1,575,529.0","1,619,136.0","1,690,269.0","1,761,848.0","1,819,336.0","1,922,822.0","1,933,795.0","1,711,137.0","1,522,156.0","1,520,779.0","1,590,305.0","1,698,951.0","1,749,507.0","1,813,837.0","1,860,575.0","1,935,296.0","2,024,131.0","2,085,282.0","2,117,185.0"
"21","2","Exports of goods \1\","A253RC1","31,640.0","39,948.0","39,484.0","41,972.0","43,024.0","45,028.0","44,764.0","45,364.0","45,868.0","45,724.0","48,448.0","42,188.0","49,696.0","48,868.0","51,824.0","56,788.0","64,360.0","70,936.0","75,616.0","84,784.0","93,052.0","100,612.0","101,248.0","109,012.0","112,036.0","105,944.0","107,148.0","113,388.0","113,516.0","116,268.0","118,984.0","122,312.0","121,328.0","126,176.0","126,132.0","120,972.0","125,027.0","146,103.0","149,271.0","161,194.0","166,992.0","175,724.0","188,039.0","205,414.0","217,823.0","224,192.0","226,896.0","234,207.0","242,192.0","242,001.0","234,176.0","238,017.0","224,851.0","225,952.0","211,598.0","197,604.0","200,709.0","202,794.0","207,397.0","218,280.0","218,267.0","224,630.0","228,365.0","231,235.0","225,665.0","223,501.0","217,395.0","222,408.0","220,524.0","223,040.0","224,503.0","235,937.0","234,320.0","248,650.0","264,168.0","283,049.0","304,585.0","321,435.0","331,647.0","345,472.0","354,804.0","374,778.0","372,371.0","375,455.0","390,704.0","394,585.0","398,173.0","403,082.0","414,480.0","421,289.0","425,922.0","432,562.0","440,930.0","441,565.0","452,738.0","456,567.0","452,190.0","458,460.0","454,363.0","474,716.0","477,592.0","496,429.0","524,037.0","542,189.0","562,222.0","575,619.0","595,591.0","599,678.0","608,166.0","611,943.0","615,444.0","637,769.0","658,267.0","687,046.0","704,663.0","700,792.0","694,450.0","672,834.0","666,751.0","689,398.0","673,516.0","680,510.0","703,885.0","730,856.0","749,526.0","777,073.0","810,853.0","799,917.0","788,930.0","749,776.0","704,452.0","681,747.0","679,476.0","706,271.0","715,597.0","699,904.0","709,046.0","710,600.0","723,499.0","764,181.0","787,089.0","811,313.0","824,123.0","845,401.0","871,626.0","906,012.0","907,353.0","939,352.0","985,093.0","1,016,461.0","1,030,628.0","1,065,376.0","1,105,367.0","1,138,345.0","1,179,276.0","1,225,140.0","1,279,114.0","1,363,717.0","1,374,525.0","1,172,584.0","1,013,468.0","1,011,276.0","1,074,835.0","1,159,094.0","1,208,685.0","1,259,667.0","1,288,938.0","1,353,807.0","1,430,980.0","1,473,538.0","1,496,552.0"
"22","3","  Foods, feeds, and beverages","B638RC1","3,280.0","5,300.0","4,804.0","5,412.0","5,392.0","5,568.0","6,220.0","6,316.0","6,168.0","5,856.0","6,648.0","5,768.0","6,292.0","7,056.0","7,660.0","9,012.0","12,128.0","14,220.0","15,592.0","18,856.0","19,264.0","18,752.0","17,124.0","19,412.0","21,936.0","16,596.0","18,144.0","20,260.0","19,184.0","19,852.0","20,076.0","20,204.0","20,164.0","21,308.0","18,744.0","18,680.0","21,230.0","28,594.0","27,134.0","25,764.0","24,815.0","28,237.0","33,144.0","35,806.0","32,714.0","34,200.0","38,802.0","39,397.0","42,644.0","38,512.0","37,005.0","37,198.0","34,100.0","36,328.0","30,363.0","27,988.0","31,040.0","30,440.0","33,566.0","33,317.0","33,072.0","32,364.0","31,818.0","31,530.0","26,900.0","24,397.0","22,718.0","24,249.0","24,531.0","22,058.0","23,252.0","24,247.0","21,638.0","23,838.0","28,703.0","26,737.0","30,211.0","33,116.0","36,644.0","35,110.0","37,533.0","38,074.0","34,585.0","34,964.0","36,970.0","36,943.0","34,935.0","31,592.0","34,361.0","34,084.0","36,522.0","37,945.0","39,388.0","39,373.0","41,648.0","40,642.0","40,940.0","41,204.0","39,063.0","40,939.0","40,395.0","39,707.0","42,092.0","47,227.0","47,692.0","49,632.0","54,283.0","51,638.0","56,219.0","58,160.0","55,760.0","53,676.0","52,279.0","51,739.0","50,788.0","53,008.0","50,320.0","46,576.0","43,310.0","47,125.0","43,815.0","45,835.0","47,898.0","46,356.0","46,441.0","47,921.0","49,739.0","47,384.0","49,650.0","49,661.0","49,347.0","48,972.0","48,925.0","49,226.0","50,684.0","49,626.0","52,597.0","53,045.0","55,500.0","58,968.0","56,935.0","56,008.0","55,002.0","58,336.0","57,320.0","60,510.0","58,072.0","59,920.0","61,885.0","64,458.0","67,798.0","69,714.0","74,467.0","77,105.0","87,890.0","97,593.0","108,886.0","116,530.0","115,348.0","92,633.0","86,755.0","95,789.0","92,896.0","100,190.0","104,793.0","97,777.0","105,875.0","122,372.0","128,192.0","128,217.0","122,706.0"
"23","4","  Industrial supplies and materials","A639RC1","8,704.0","12,596.0","12,420.0","12,996.0","13,604.0","14,092.0","13,356.0","13,996.0","13,072.0","12,952.0","13,956.0","10,608.0","14,056.0","12,564.0","13,568.0","15,400.0","16,960.0","18,468.0","20,436.0","23,096.0","26,504.0","30,624.0","31,036.0","31,248.0","31,064.0","28,656.0","28,376.0","29,224.0","30,192.0","30,992.0","32,004.0","33,368.0","32,652.0","34,068.0","34,836.0","31,320.0","32,345.0","36,919.0","40,963.0","43,431.0","46,628.0","50,396.0","55,584.0","60,553.0","66,624.0","71,293.0","68,197.0","65,689.0","68,185.0","63,704.0","63,530.0","67,467.0","66,326.0","63,878.0","59,608.0","57,386.0","55,141.0","56,259.0","57,868.0","59,247.0","58,797.0","62,615.0","63,438.0","62,854.0","60,788.0","58,360.0","58,680.0","59,733.0","58,524.0","56,786.0","58,787.0","62,021.0","61,388.0","66,287.0","68,640.0","73,390.0","79,112.0","83,063.0","86,334.0","88,324.0","90,051.0","99,117.0","97,412.0","94,960.0","98,726.0","98,192.0","101,099.0","109,748.0","110,081.0","106,852.0","103,446.0","104,487.0","103,927.0","105,759.0","106,183.0","104,803.0","103,395.0","102,992.0","101,545.0","103,746.0","103,354.0","110,960.0","120,481.0","126,794.0","137,015.0","141,471.0","143,886.0","141,591.0","140,848.0","138,129.0","140,265.0","146,047.0","147,792.0","153,908.0","156,440.0","153,880.0","150,225.0","144,297.0","139,366.0","139,117.0","134,249.0","138,192.0","143,217.0","153,822.0","160,512.0","163,459.0","171,554.0","170,965.0","165,171.0","157,935.0","151,483.0","146,622.0","144,972.0","154,706.0","156,628.0","157,578.0","166,974.0","165,543.0","166,768.0","173,759.0","187,722.0","196,389.0","201,268.0","212,495.0","220,752.0","230,883.0","228,150.0","230,247.0","250,140.0","267,766.0","271,563.0","279,723.0","293,270.0","310,507.0","320,228.0","340,808.0","371,050.0","418,092.0","430,819.0","327,711.0","263,632.0","273,651.0","308,405.0","329,272.0","357,138.0","388,194.0","388,097.0","421,225.0","469,764.0","489,181.0","495,147.0"
"24","5","    Durable goods","B686RC1","3,480.0","4,824.0","5,100.0","5,312.0","5,660.0","5,912.0","5,488.0","5,320.0","4,608.0","4,436.0","4,180.0","3,912.0","4,556.0","4,352.0","4,736.0","5,212.0","6,188.0","6,984.0","7,796.0","8,480.0","9,420.0","10,992.0","10,292.0","10,488.0","10,072.0","9,712.0","9,456.0","9,560.0","9,652.0","9,992.0","10,604.0","10,876.0","10,232.0","10,696.0","10,492.0","9,900.0","11,134.0","12,847.0","13,552.0","14,691.0","16,340.0","17,532.0","18,999.0","21,434.0","25,938.0","27,122.0","23,881.0","22,258.0","22,175.0","21,609.0","19,472.0","19,940.0","18,684.0","18,342.0","17,144.0","16,278.0","15,938.0","16,830.0","17,372.0","17,682.0","17,444.0","18,044.0","17,432.0","17,937.0","16,852.0","17,237.0","16,856.0","16,535.0","17,558.0","17,268.0","17,302.0","18,702.0","18,807.0","20,519.0","21,574.0","23,203.0","25,805.0","28,966.0","29,250.0","31,083.0","31,865.0","33,986.0","33,944.0","33,607.0","35,623.0","34,900.0","35,315.0","37,231.0","36,900.0","38,053.0","37,326.0","36,361.0","36,298.0","36,061.0","37,574.0","37,590.0","37,487.0","37,500.0","37,675.0","37,968.0","38,044.0","39,672.0","42,881.0","44,897.0","48,429.0","49,693.0","51,907.0","49,752.0","49,878.0","51,070.0","51,410.0","52,091.0","53,466.0","55,698.0","56,181.0","55,860.0","56,816.0","53,799.0","52,099.0","52,942.0","51,939.0","52,962.0","54,197.0","57,942.0","62,182.0","63,577.0","64,198.0","64,506.0","61,472.0","57,822.0","55,376.0","53,648.0","50,866.0","54,300.0","54,447.0","54,388.0","55,870.0","57,291.0","56,891.0","59,169.0","66,390.0","69,219.0","70,871.0","73,773.0","76,983.0","80,392.0","83,215.0","88,164.0","94,670.0","99,928.0","101,967.0","108,767.0","108,874.0","112,985.0","114,446.0","119,417.0","125,146.0","139,177.0","139,768.0","110,490.0","88,715.0","88,536.0","98,695.0","108,735.0","115,707.0","127,278.0","124,537.0","133,696.0","142,674.0","146,034.0","147,472.0"
"25","6","    Nondurable goods","B687RC1","5,224.0","7,772.0","7,320.0","7,684.0","7,944.0","8,180.0","7,868.0","8,676.0","8,464.0","8,516.0","9,776.0","6,696.0","9,500.0","8,212.0","8,832.0","10,188.0","10,772.0","11,484.0","12,640.0","14,616.0","17,084.0","19,632.0","20,744.0","20,760.0","20,992.0","18,944.0","18,920.0","19,664.0","20,540.0","21,000.0","21,400.0","22,492.0","22,420.0","23,372.0","24,344.0","21,420.0","21,211.0","24,072.0","27,411.0","28,740.0","30,288.0","32,864.0","36,585.0","39,119.0","40,686.0","44,171.0","44,316.0","43,431.0","46,010.0","42,095.0","44,058.0","47,527.0","47,642.0","45,536.0","42,464.0","41,108.0","39,203.0","39,429.0","40,496.0","41,565.0","41,353.0","44,571.0","46,006.0","44,917.0","43,936.0","41,123.0","41,824.0","43,198.0","40,966.0","39,518.0","41,485.0","43,319.0","42,581.0","45,768.0","47,066.0","50,187.0","53,307.0","54,097.0","57,084.0","57,241.0","58,186.0","65,131.0","63,468.0","61,353.0","63,103.0","63,292.0","65,784.0","72,517.0","73,181.0","68,799.0","66,120.0","68,126.0","67,629.0","69,698.0","68,609.0","67,213.0","65,908.0","65,492.0","63,870.0","65,778.0","65,310.0","71,288.0","77,600.0","81,897.0","88,586.0","91,778.0","91,979.0","91,839.0","90,970.0","87,059.0","88,855.0","93,956.0","94,326.0","98,210.0","100,259.0","98,020.0","93,409.0","90,498.0","87,267.0","86,175.0","82,310.0","85,230.0","89,020.0","95,880.0","98,330.0","99,882.0","107,356.0","106,459.0","103,699.0","100,113.0","96,107.0","92,974.0","94,106.0","100,406.0","102,181.0","103,190.0","111,104.0","108,252.0","109,877.0","114,590.0","121,332.0","127,170.0","130,397.0","138,722.0","143,769.0","150,491.0","144,935.0","142,083.0","155,470.0","167,838.0","169,596.0","170,956.0","184,396.0","197,522.0","205,782.0","221,391.0","245,904.0","278,915.0","291,051.0","217,221.0","174,917.0","185,115.0","209,710.0","220,537.0","241,431.0","260,916.0","263,560.0","287,529.0","327,090.0","343,147.0","347,675.0"
"26","7","  Capital goods, except automotive","A640RC1","10,904.0","12,584.0","12,772.0","13,432.0","13,912.0","14,856.0","14,700.0","15,168.0","15,488.0","15,364.0","15,788.0","14,848.0","16,680.0","16,368.0","16,808.0","17,800.0","19,620.0","21,360.0","22,576.0","24,440.0","27,244.0","29,944.0","31,476.0","34,848.0","35,824.0","36,864.0","36,368.0","37,500.0","37,724.0","39,216.0","39,116.0","40,396.0","38,952.0","39,864.0","40,368.0","39,880.0","41,263.0","46,041.0","48,342.0","54,343.0","56,321.0","58,069.0","60,689.0","65,646.0","69,844.0","76,443.0","76,896.0","81,949.0","82,860.0","87,150.0","82,504.0","84,185.0","80,242.0","79,999.0","75,623.0","70,139.0","71,381.0","71,224.0","69,819.0","74,224.0","73,804.0","76,189.0","77,096.0","80,938.0","80,195.0","81,218.0","76,638.0","79,235.0","80,081.0","82,869.0","82,431.0","85,884.0","83,754.0","88,080.0","95,469.0","103,526.0","112,332.0","117,579.0","118,804.0","127,696.0","128,196.0","137,840.0","142,967.0","138,760.0","151,441.0","152,260.0","155,218.0","153,039.0","156,773.0","167,049.0","169,596.0","173,001.0","177,007.0","171,941.0","176,839.0","179,716.0","178,962.0","180,620.0","180,890.0","190,367.0","197,126.0","201,107.0","211,872.0","212,727.0","219,824.0","230,670.0","239,534.0","247,640.0","250,267.0","251,284.0","249,285.0","264,994.0","278,657.0","295,102.0","306,706.0","302,860.0","302,210.0","292,949.0","296,578.0","307,552.0","301,977.0","301,174.0","315,380.0","326,459.0","329,469.0","356,397.0","374,196.0","367,935.0","364,228.0","331,797.0","302,058.0","288,812.0","285,155.0","293,493.0","297,156.0","285,943.0","282,841.0","283,194.0","293,135.0","315,523.0","320,860.0","326,163.0","330,209.0","332,934.0","342,123.0","358,091.0","357,349.0","376,137.0","391,574.0","403,183.0","403,790.0","417,554.0","420,446.0","424,340.0","439,521.0","447,768.0","454,368.0","470,834.0","473,251.0","432,171.0","392,657.0","375,770.0","383,735.0","409,682.0","422,232.0","441,478.0","456,399.0","466,282.0","470,400.0","488,929.0","502,427.0"
"27","8","    Civilian aircraft, engines, and parts","B688RC1","1,456.0","1,000.0","1,168.0","1,440.0","1,520.0","1,788.0","1,344.0","1,460.0","1,956.0","1,956.0","1,824.0","1,936.0","1,836.0","1,580.0","1,620.0","1,664.0","2,020.0","2,320.0","2,484.0","2,436.0","3,128.0","3,472.0","2,884.0","4,096.0","3,644.0","3,196.0","3,304.0","2,612.0","2,668.0","3,532.0","3,416.0","3,240.0","2,236.0","3,176.0","2,540.0","3,048.0","5,084.0","6,365.0","7,792.0","9,825.0","10,009.0","9,595.0","11,342.0","11,310.0","12,558.0","14,059.0","13,736.0","16,130.0","13,656.0","16,203.0","12,667.0","13,056.0","11,838.0","10,863.0","8,909.0","8,669.0","12,905.0","12,504.0","8,438.0","10,738.0","9,658.0","10,390.0","9,083.0","11,515.0","12,878.0","14,067.0","12,468.0","14,696.0","14,770.0","15,067.0","15,691.0","16,269.0","15,812.0","14,170.0","17,685.0","17,880.0","19,378.0","23,195.0","19,573.0","22,688.0","23,613.0","26,645.0","32,226.0","25,256.0","32,208.0","32,464.0","33,968.0","30,136.0","31,081.0","35,832.0","38,914.0","40,613.0","42,652.0","34,372.0","37,115.0","36,763.0","33,470.0","33,192.0","30,352.0","34,134.0","34,496.0","30,003.0","32,274.0","29,125.0","24,742.0","28,252.0","26,510.0","25,010.0","26,157.0","30,368.0","30,119.0","36,525.0","39,483.0","41,953.0","42,888.0","41,110.0","48,295.0","47,819.0","56,229.0","61,849.0","56,674.0","49,918.0","52,483.0","52,607.0","43,990.0","51,708.0","48,693.0","47,972.0","56,334.0","54,860.0","50,945.0","48,336.0","49,471.0","50,454.0","53,662.0","48,113.0","45,981.0","43,567.0","45,663.0","51,683.0","46,704.0","44,367.0","46,590.0","46,639.0","51,809.0","59,934.0","53,567.0","58,244.0","62,476.0","63,972.0","62,949.0","68,615.0","68,645.0","68,825.0","76,215.0","78,393.0","75,699.0","77,700.0","79,067.0","63,530.0","78,054.0","73,980.0","71,358.0","75,630.0","70,320.0","69,486.0","74,282.0","73,803.0","72,680.0","76,595.0","85,124.0"
"28","9","    Computers, peripherals, and parts","B850RC1","668.0","716.0","840.0","920.0","1,056.0","1,196.0","1,312.0","1,384.0","1,312.0","1,256.0","1,212.0","1,268.0","1,344.0","1,304.0","1,328.0","1,388.0","1,516.0","1,676.0","1,780.0","1,896.0","2,060.0","2,240.0","2,172.0","2,320.0","2,240.0","2,192.0","2,220.0","2,260.0","2,360.0","2,560.0","2,668.0","2,764.0","3,080.0","3,096.0","3,388.0","3,492.0","3,644.0","4,084.0","4,504.0","4,920.0","5,324.0","5,392.0","5,748.0","6,444.0","7,032.0","7,456.0","8,188.0","8,556.0","8,764.0","8,788.0","8,992.0","9,112.0","8,823.0","9,530.0","9,376.0","9,683.0","10,224.0","10,736.0","11,352.0","11,918.0","12,500.0","13,717.0","15,186.0","15,490.0","15,409.0","15,151.0","14,276.0","13,978.0","14,366.0","15,049.0","16,114.0","17,070.0","16,545.0","18,013.0","19,404.0","21,308.0","23,120.0","23,368.0","24,040.0","25,333.0","22,486.0","24,426.0","24,825.0","24,775.0","25,730.0","25,233.0","26,605.0","25,988.0","27,420.0","27,535.0","26,911.0","27,314.0","27,518.0","29,111.0","28,984.0","29,441.0","28,912.0","28,577.0","29,462.0","30,311.0","31,346.0","32,459.0","33,907.0","35,568.0","36,480.0","37,690.0","40,778.0","43,666.0","45,304.0","43,459.0","42,729.0","43,385.0","47,192.0","50,028.0","51,347.0","48,873.0","45,906.0","45,152.0","44,202.0","45,730.0","44,670.0","46,380.0","47,484.0","48,361.0","50,836.0","55,315.0","58,909.0","57,104.0","55,309.0","48,907.0","44,612.0","41,392.0","38,572.0","39,327.0","37,870.0","38,440.0","38,489.0","37,914.0","40,521.0","42,775.0","42,167.0","42,389.0","43,156.0","43,509.0","44,305.0","46,228.0","46,073.0","45,539.0","47,578.0","48,112.0","46,505.0","48,128.0","47,858.0","44,659.0","45,121.0","44,546.0","44,272.0","46,744.0","45,809.0","38,767.0","36,789.0","35,872.0","38,001.0","40,208.0","41,470.0","43,868.0","44,472.0","45,452.0","46,682.0","49,007.0","50,021.0"
"29","10","    Other","B689RC1","8,780.0","10,868.0","10,764.0","11,072.0","11,336.0","11,872.0","12,044.0","12,324.0","12,220.0","12,152.0","12,752.0","11,644.0","13,500.0","13,484.0","13,860.0","14,748.0","16,084.0","17,364.0","18,312.0","20,108.0","22,056.0","24,232.0","26,420.0","28,432.0","29,940.0","31,476.0","30,844.0","32,628.0","32,696.0","33,124.0","33,032.0","34,392.0","33,636.0","33,592.0","34,440.0","33,340.0","32,535.0","35,592.0","36,046.0","39,598.0","40,988.0","43,082.0","43,599.0","47,892.0","50,254.0","54,928.0","54,972.0","57,263.0","60,440.0","62,159.0","60,845.0","62,017.0","59,581.0","59,606.0","57,338.0","51,787.0","48,252.0","47,984.0","50,029.0","51,568.0","51,646.0","52,082.0","52,827.0","53,933.0","51,908.0","52,000.0","49,894.0","50,561.0","50,945.0","52,753.0","50,626.0","52,545.0","51,397.0","55,897.0","58,380.0","64,338.0","69,834.0","71,016.0","75,191.0","79,675.0","82,097.0","86,769.0","85,916.0","88,729.0","93,503.0","94,563.0","94,645.0","96,915.0","98,272.0","103,682.0","103,771.0","105,074.0","106,837.0","108,458.0","110,740.0","113,512.0","116,580.0","118,851.0","121,076.0","125,922.0","131,284.0","138,645.0","145,691.0","148,034.0","158,602.0","164,728.0","172,246.0","178,964.0","178,806.0","177,457.0","176,437.0","185,084.0","191,982.0","203,121.0","212,471.0","212,877.0","208,009.0","199,978.0","196,147.0","199,973.0","200,633.0","204,876.0","215,413.0","225,491.0","234,643.0","249,374.0","266,594.0","262,859.0","252,585.0","228,030.0","206,501.0","199,084.0","197,112.0","203,712.0","205,624.0","199,390.0","198,371.0","201,713.0","206,951.0","221,065.0","231,989.0","239,407.0","240,463.0","242,786.0","246,009.0","251,929.0","257,709.0","272,354.0","281,520.0","291,099.0","294,336.0","300,811.0","303,943.0","310,856.0","318,185.0","324,829.0","334,397.0","346,390.0","348,375.0","329,874.0","277,814.0","265,918.0","274,376.0","293,844.0","310,442.0","328,124.0","337,645.0","347,027.0","351,038.0","363,327.0","367,282.0"
"30","11","  Automotive vehicles, engines, and parts","B641RC1","3,544.0","3,948.0","4,032.0","4,200.0","3,708.0","4,384.0","4,008.0","3,496.0","4,528.0","4,872.0","4,976.0","4,540.0","5,028.0","5,320.0","5,712.0","6,044.0","6,492.0","7,016.0","6,912.0","7,388.0","7,908.0","8,220.0","9,076.0","10,056.0","9,380.0","10,860.0","11,212.0","11,724.0","11,684.0","12,044.0","12,348.0","12,840.0","13,128.0","14,060.0","13,268.0","13,684.0","13,164.0","15,346.0","15,094.0","17,046.0","17,541.0","17,720.0","17,240.0","19,090.0","17,560.0","16,364.0","16,486.0","19,362.0","18,689.0","20,822.0","20,648.0","18,612.0","17,269.0","18,767.0","17,778.0","15,105.0","16,040.0","17,935.0","18,577.0","21,295.0","21,636.0","21,400.0","23,688.0","22,964.0","23,273.0","24,911.0","26,409.0","25,184.0","24,150.0","26,149.0","24,609.0","25,476.0","25,814.0","26,864.0","26,745.0","30,908.0","32,297.0","32,714.0","33,890.0","34,688.0","37,286.0","33,205.0","33,577.0","36,497.0","36,777.0","37,114.0","36,064.0","34,826.0","36,739.0","38,613.0","42,881.0","41,364.0","43,396.0","45,748.0","48,163.0","50,225.0","50,662.0","51,215.0","49,385.0","54,958.0","53,704.0","56,427.0","58,707.0","61,290.0","63,351.0","59,338.0","61,547.0","61,342.0","61,914.0","62,765.0","67,468.0","65,291.0","69,905.0","72,655.0","75,905.0","75,278.0","76,736.0","71,646.0","67,180.0","74,483.0","73,249.0","74,677.0","75,931.0","77,170.0","83,547.0","80,216.0","79,197.0","78,463.0","73,533.0","76,790.0","76,493.0","74,925.0","75,037.0","81,045.0","80,652.0","79,037.0","79,735.0","81,976.0","78,355.0","82,468.0","83,843.0","87,691.0","92,119.0","93,196.0","94,978.0","95,496.0","98,776.0","104,376.0","106,705.0","105,568.0","106,554.0","110,221.0","114,850.0","122,301.0","124,055.0","123,847.0","122,208.0","126,411.0","130,300.0","106,888.0","68,969.0","67,817.0","88,580.0","101,493.0","107,164.0","111,244.0","113,715.0","115,832.0","128,176.0","128,664.0","137,962.0"
"31","12","  Consumer goods, except automotive","A642RC1","2,332.0","2,692.0","2,704.0","2,688.0","2,808.0","2,744.0","2,760.0","2,880.0","2,808.0","2,796.0","3,304.0","2,744.0","3,488.0","3,324.0","3,620.0","3,900.0","4,256.0","4,676.0","4,952.0","5,316.0","6,084.0","6,608.0","6,528.0","6,376.0","6,248.0","6,204.0","6,632.0","7,156.0","7,660.0","7,980.0","8,008.0","8,440.0","8,584.0","8,792.0","9,520.0","8,828.0","10,037.0","11,551.0","11,426.0","12,506.0","12,893.0","13,554.0","13,812.0","15,659.0","19,845.0","16,774.0","16,717.0","17,668.0","17,960.0","18,191.0","17,555.0","17,079.0","16,136.0","16,686.0","16,538.0","15,154.0","14,807.0","14,790.0","14,797.0","15,305.0","14,924.0","15,096.0","15,009.0","15,309.0","14,761.0","14,595.0","14,146.0","14,875.0","15,330.0","16,388.0","16,896.0","18,305.0","18,118.0","20,179.0","20,745.0","22,186.0","23,889.0","26,625.0","27,473.0","29,940.0","33,070.0","36,607.0","35,886.0","37,927.0","40,764.0","44,259.0","44,487.0","44,501.0","46,935.0","45,941.0","46,146.0","47,284.0","49,360.0","50,605.0","52,196.0","52,777.0","53,012.0","53,860.0","55,448.0","55,519.0","55,796.0","58,583.0","61,490.0","62,975.0","62,510.0","63,576.0","65,214.0","65,309.0","67,356.0","68,508.0","69,342.0","72,087.0","74,592.0","77,459.0","77,638.0","78,435.0","77,983.0","79,741.0","80,292.0","79,458.0","78,780.0","79,427.0","81,032.0","84,449.0","87,634.0","88,765.0","91,562.0","89,549.0","92,674.0","91,512.0","85,122.0","84,014.0","82,627.0","84,315.0","85,526.0","84,960.0","86,849.0","87,808.0","91,066.0","93,912.0","97,678.0","102,662.0","104,239.0","108,372.0","111,592.0","114,158.0","116,010.0","119,378.0","123,922.0","127,037.0","129,564.0","135,803.0","141,290.0","144,085.0","147,941.0","150,585.0","157,638.0","164,675.0","167,765.0","155,046.0","145,600.0","144,965.0","150,533.0","159,042.0","162,326.0","161,352.0","165,264.0","174,592.0","169,526.0","176,309.0","177,968.0"
"32","13","    Durable goods","B690RC1","1,092.0","1,228.0","1,252.0","1,188.0","1,188.0","1,144.0","1,160.0","1,264.0","1,204.0","1,184.0","1,372.0","1,320.0","1,652.0","1,580.0","1,704.0","1,872.0","2,128.0","2,360.0","2,576.0","2,664.0","3,156.0","3,440.0","3,320.0","3,168.0","2,964.0","2,952.0","3,244.0","3,388.0","3,836.0","3,876.0","3,956.0","4,140.0","4,164.0","4,108.0","4,300.0","4,116.0","5,240.0","6,108.0","5,800.0","6,502.0","6,633.0","7,010.0","7,019.0","8,403.0","12,078.0","9,080.0","8,630.0","9,264.0","9,038.0","9,314.0","8,958.0","8,542.0","7,728.0","8,118.0","8,292.0","6,895.0","6,773.0","6,926.0","6,595.0","6,879.0","6,865.0","6,792.0","6,549.0","6,750.0","6,374.0","6,573.0","6,118.0","6,527.0","6,630.0","7,372.0","7,604.0","8,770.0","8,302.0","9,554.0","9,434.0","10,603.0","11,521.0","13,331.0","13,450.0","15,062.0","17,935.0","20,015.0","19,125.0","20,963.0","22,420.0","23,947.0","24,603.0","23,318.0","24,113.0","23,930.0","24,380.0","24,960.0","25,930.0","26,002.0","26,661.0","26,846.0","27,208.0","28,050.0","28,929.0","28,501.0","28,526.0","30,084.0","30,866.0","31,811.0","32,171.0","32,428.0","32,642.0","32,787.0","33,436.0","34,422.0","35,336.0","36,826.0","37,575.0","40,092.0","40,341.0","40,125.0","39,944.0","40,825.0","41,360.0","40,947.0","39,301.0","40,929.0","42,118.0","44,825.0","46,679.0","46,073.0","47,755.0","46,311.0","49,201.0","48,459.0","44,712.0","43,106.0","43,526.0","44,032.0","44,768.0","43,366.0","43,373.0","44,723.0","46,750.0","49,390.0","49,971.0","53,233.0","55,136.0","57,301.0","59,542.0","60,868.0","63,358.0","64,571.0","67,268.0","70,367.0","71,417.0","75,321.0","78,418.0","81,347.0","83,501.0","87,597.0","91,614.0","94,972.0","94,361.0","81,851.0","73,115.0","71,830.0","77,429.0","81,682.0","82,343.0","87,428.0","89,810.0","93,868.0","95,412.0","98,205.0","98,563.0"
"33","14","    Nondurable goods","B691RC1","1,240.0","1,464.0","1,452.0","1,500.0","1,620.0","1,600.0","1,600.0","1,616.0","1,604.0","1,612.0","1,932.0","1,424.0","1,836.0","1,744.0","1,916.0","2,028.0","2,128.0","2,316.0","2,376.0","2,652.0","2,928.0","3,168.0","3,208.0","3,208.0","3,284.0","3,252.0","3,388.0","3,768.0","3,824.0","4,104.0","4,052.0","4,300.0","4,420.0","4,684.0","5,220.0","4,712.0","4,797.0","5,443.0","5,626.0","6,004.0","6,260.0","6,544.0","6,793.0","7,256.0","7,767.0","7,694.0","8,087.0","8,404.0","8,922.0","8,877.0","8,597.0","8,537.0","8,408.0","8,568.0","8,246.0","8,259.0","8,034.0","7,864.0","8,202.0","8,426.0","8,059.0","8,304.0","8,460.0","8,559.0","8,387.0","8,022.0","8,028.0","8,348.0","8,700.0","9,016.0","9,292.0","9,535.0","9,816.0","10,625.0","11,311.0","11,583.0","12,368.0","13,294.0","14,023.0","14,878.0","15,135.0","16,592.0","16,761.0","16,964.0","18,344.0","20,312.0","19,884.0","21,183.0","22,822.0","22,011.0","21,766.0","22,324.0","23,430.0","24,603.0","25,535.0","25,931.0","25,804.0","25,810.0","26,519.0","27,018.0","27,270.0","28,499.0","30,624.0","31,164.0","30,339.0","31,148.0","32,572.0","32,522.0","33,920.0","34,086.0","34,006.0","35,261.0","37,017.0","37,367.0","37,297.0","38,310.0","38,039.0","38,916.0","38,932.0","38,511.0","39,479.0","38,498.0","38,914.0","39,624.0","40,955.0","42,692.0","43,807.0","43,238.0","43,473.0","43,053.0","40,410.0","40,908.0","39,101.0","40,283.0","40,758.0","41,594.0","43,476.0","43,085.0","44,316.0","44,522.0","47,707.0","49,429.0","49,103.0","51,071.0","52,050.0","53,290.0","52,652.0","54,807.0","56,654.0","56,670.0","58,147.0","60,482.0","62,872.0","62,738.0","64,440.0","62,988.0","66,024.0","69,703.0","73,404.0","73,195.0","72,485.0","73,135.0","73,104.0","77,360.0","79,983.0","73,924.0","75,454.0","80,724.0","74,114.0","78,104.0","79,405.0"
"34","15","  Other","A643RC1","2,876.0","2,828.0","2,752.0","3,244.0","3,600.0","3,384.0","3,720.0","3,508.0","3,804.0","3,884.0","3,776.0","3,680.0","4,152.0","4,236.0","4,456.0","4,632.0","4,904.0","5,196.0","5,148.0","5,688.0","6,048.0","6,464.0","6,008.0","7,072.0","7,584.0","6,764.0","6,416.0","7,524.0","7,072.0","6,184.0","7,432.0","7,064.0","7,848.0","8,084.0","9,396.0","8,580.0","6,988.0","7,652.0","6,312.0","8,104.0","8,794.0","7,748.0","7,570.0","8,660.0","11,236.0","9,118.0","9,798.0","10,142.0","11,854.0","13,622.0","12,934.0","13,476.0","10,778.0","10,294.0","11,688.0","11,832.0","12,300.0","12,146.0","12,770.0","14,892.0","16,034.0","16,966.0","17,316.0","17,640.0","19,748.0","20,020.0","18,804.0","19,132.0","17,908.0","18,790.0","18,528.0","20,004.0","23,608.0","23,402.0","23,866.0","26,302.0","26,744.0","28,338.0","28,502.0","29,714.0","28,668.0","29,935.0","27,944.0","32,347.0","26,026.0","25,817.0","26,370.0","29,376.0","29,591.0","28,750.0","27,331.0","28,481.0","27,852.0","28,139.0","27,709.0","28,404.0","25,219.0","28,569.0","28,032.0","29,187.0","27,217.0","29,645.0","29,395.0","31,176.0","31,830.0","30,932.0","31,127.0","32,158.0","31,562.0","33,097.0","33,324.0","35,674.0","35,042.0","36,183.0","37,186.0","37,331.0","36,976.0","37,625.0","40,025.0","41,663.0","41,446.0","41,205.0","40,427.0","42,600.0","41,923.0","40,315.0","44,605.0","45,621.0","43,674.0","42,081.0","39,949.0","38,402.0","42,760.0","43,486.0","44,951.0","42,760.0","40,050.0","39,034.0","38,675.0","39,551.0","40,051.0","42,400.0","41,286.0","40,068.0","44,861.0","46,874.0","48,996.0","49,294.0","50,867.0","48,449.0","51,359.0","52,361.0","61,044.0","60,007.0","59,641.0","64,539.0","64,964.0","67,175.0","57,042.0","58,135.0","55,855.0","53,284.0","50,686.0","59,415.0","55,032.0","59,622.0","59,588.0","53,504.0","64,922.0","62,238.0","60,342.0"
"35","16","Exports of services \1\","A646RC1","12,334.0","13,967.0","13,856.0","14,487.0","13,889.0","15,561.0","15,510.0","15,694.0","17,206.0","17,379.0","16,945.0","18,094.0","18,943.0","18,284.0","19,629.0","19,341.0","19,599.0","20,987.0","21,960.0","22,836.0","23,657.0","26,056.0","25,390.0","27,573.0","29,333.0","30,883.0","26,950.0","29,143.0","30,072.0","30,353.0","32,791.0","33,764.0","34,026.0","35,730.0","36,193.0","36,837.0","39,572.0","40,113.0","42,031.0","44,221.0","44,678.0","45,183.0","46,240.0","48,252.0","50,685.0","53,197.0","57,776.0","58,310.0","63,269.0","66,447.0","68,155.0","66,670.0","68,344.0","68,770.0","68,030.0","67,664.0","69,986.0","69,715.0","70,777.0","68,303.0","74,698.0","77,562.0","77,371.0","77,363.0","79,740.0","79,627.0","78,166.0","81,578.0","91,453.0","91,156.0","95,653.0","99,066.0","102,342.0","106,339.0","107,412.0","108,776.0","113,766.0","117,500.0","121,014.0","120,116.0","129,204.0","131,071.0","135,787.0","139,092.0","146,899.0","151,810.0","157,537.0","165,699.0","160,245.0","171,055.0","176,240.0","184,546.0","186,391.0","186,330.0","188,664.0","186,651.0","192,797.0","195,818.0","197,019.0","196,974.0","203,574.0","209,857.0","213,038.0","216,075.0","218,471.0","222,122.0","234,878.0","238,937.0","239,456.0","247,047.0","244,266.0","266,571.0","260,862.0","267,954.0","270,005.0","268,087.0","269,305.0","274,999.0","269,248.0","278,459.0","285,156.0","290,714.0","294,934.0","297,681.0","303,310.0","312,152.0","308,226.0","311,896.0","308,142.0","306,777.0","292,696.0","278,374.0","293,955.0","299,662.0","304,965.0","312,272.0","303,497.0","300,969.0","317,867.0","334,463.0","351,696.0","359,492.0","361,288.0","380,497.0","390,729.0","392,443.0","400,804.0","411,912.0","428,911.0","439,550.0","445,328.0","472,779.0","470,162.0","480,791.0","510,993.0","536,708.0","540,222.0","559,105.0","559,270.0","538,553.0","508,688.0","509,503.0","515,470.0","539,857.0","540,822.0","554,170.0","571,637.0","581,489.0","593,151.0","611,744.0","620,633.0"
"36","17","  Transfers under U.S. military agency sales contracts","B267RC1","3,620.0","4,264.0","4,080.0","4,588.0","3,360.0","4,696.0","4,368.0","4,432.0","5,560.0","5,524.0","4,908.0","5,900.0","6,372.0","5,396.0","6,296.0","5,348.0","4,416.0","5,700.0","5,360.0","5,964.0","4,408.0","6,052.0","4,636.0","5,664.0","6,972.0","8,472.0","4,144.0","5,420.0","5,144.0","4,956.0","6,304.0","6,888.0","7,312.0","7,572.0","7,480.0","7,844.0","8,672.0","7,928.0","7,824.0","8,392.0","7,720.0","6,968.0","6,672.0","6,552.0","7,380.0","8,288.0","10,776.0","9,656.0","9,068.0","11,444.0","12,684.0","9,672.0","12,100.0","13,124.0","12,372.0","12,700.0","14,816.0","12,644.0","12,444.0","10,200.0","10,656.0","9,984.0","10,256.0","8,976.0","10,444.0","9,076.0","7,820.0","7,544.0","7,632.0","7,820.0","8,480.0","10,264.0","12,452.0","12,940.0","10,336.0","8,696.0","9,768.0","10,148.0","10,124.0","7,056.0","8,600.0","8,524.0","9,608.0","7,336.0","8,540.0","9,260.0","11,772.0","9,932.0","10,584.0","10,128.0","9,860.0","12,188.0","13,428.0","11,828.0","12,312.0","9,892.0","13,000.0","12,888.0","14,204.0","10,584.0","10,980.0","12,484.0","13,936.0","11,432.0","12,904.0","13,412.0","15,272.0","14,084.0","13,836.0","14,936.0","16,380.0","17,800.0","15,008.0","18,200.0","16,740.0","14,580.0","17,644.0","17,476.0","15,372.0","16,548.0","15,404.0","17,500.0","15,012.0","13,064.0","12,304.0","14,160.0","11,872.0","12,980.0","10,028.0","13,344.0","12,620.0","11,112.0","10,536.0","10,200.0","13,036.0","11,368.0","10,852.0","11,160.0","14,780.0","13,316.0","15,376.0","15,332.0","14,816.0","13,532.0","17,968.0","17,788.0","19,800.0","16,824.0","20,952.0","23,203.0","22,616.0","24,212.0","16,825.0","11,131.0","12,892.0","22,199.0","13,032.0","15,542.0","11,960.0","11,842.0","12,122.0","15,312.0","20,188.0","12,862.0","15,221.0","15,735.0","16,145.0","15,030.0","15,064.0","16,188.0","14,943.0"
"37","18","  Travel","B493RC1","2,008.0","2,056.0","2,056.0","2,052.0","2,296.0","2,316.0","2,300.0","2,412.0","2,492.0","2,436.0","2,496.0","2,712.0","2,692.0","2,780.0","2,852.0","2,944.0","3,344.0","3,268.0","3,440.0","3,596.0","3,888.0","3,876.0","4,084.0","4,280.0","4,748.0","4,508.0","4,576.0","4,956.0","5,296.0","5,772.0","6,072.0","5,828.0","5,748.0","6,084.0","6,212.0","6,556.0","6,692.0","7,152.0","7,356.0","7,532.0","8,176.0","8,300.0","8,232.0","9,056.0","10,188.0","10,136.0","10,948.0","11,080.0","12,432.0","12,408.0","12,912.0","13,900.0","13,120.0","12,712.0","12,156.0","11,584.0","10,588.0","10,648.0","11,996.0","10,556.0","15,440.0","18,208.0","17,276.0","17,784.0","17,452.0","18,416.0","17,564.0","17,624.0","20,016.0","19,280.0","21,000.0","21,252.0","21,360.0","23,096.0","24,384.0","25,412.0","26,844.0","28,552.0","30,888.0","31,452.0","34,140.0","34,716.0","36,880.0","39,080.0","41,740.0","42,172.0","41,956.0","46,156.0","42,116.0","48,256.0","50,132.0","53,040.0","54,476.0","54,864.0","54,248.0","55,380.0","56,816.0","57,876.0","57,944.0","58,864.0","57,596.0","58,856.0","57,972.0","59,240.0","59,452.0","60,164.0","65,428.0","68,532.0","67,256.0","70,888.0","64,776.0","76,316.0","73,404.0","73,104.0","74,380.0","72,816.0","71,704.0","72,724.0","69,184.0","71,688.0","72,484.0","73,384.0","75,272.0","78,064.0","81,944.0","84,052.0","81,372.0","82,232.0","82,940.0","78,476.0","69,496.0","56,660.0","64,632.0","64,620.0","65,148.0","72,020.0","63,236.0","57,344.0","64,720.0","72,136.0","71,452.0","74,668.0","74,812.0","77,252.0","79,720.0","83,704.0","81,644.0","82,128.0","83,176.0","84,980.0","86,392.0","88,608.0","87,824.0","92,344.0","100,844.0","106,572.0","109,296.0","112,556.0","115,468.0","104,372.0","94,840.0","92,588.0","93,904.0","95,432.0","100,848.0","101,580.0","104,812.0","106,780.0","110,244.0","116,228.0","118,624.0"
"38","19","  Passenger fares","B533RC1","432.0","448.0","476.0","444.0","524.0","556.0","536.0","560.0","612.0","592.0","588.0","668.0","644.0","684.0","680.0","788.0","920.0","944.0","1,032.0","1,004.0","1,080.0","1,068.0","1,112.0","1,156.0","1,048.0","964.0","1,108.0","1,036.0","1,104.0","1,232.0","1,300.0","1,280.0","1,200.0","1,420.0","1,396.0","1,448.0","1,468.0","1,468.0","1,628.0","1,848.0","1,988.0","2,128.0","2,160.0","2,348.0","2,448.0","2,568.0","2,728.0","2,620.0","2,936.0","3,216.0","3,216.0","3,076.0","3,220.0","3,180.0","3,096.0","3,200.0","3,596.0","3,600.0","3,516.0","3,728.0","3,964.0","4,244.0","3,996.0","4,060.0","3,964.0","4,260.0","4,512.0","4,908.0","5,396.0","4,888.0","6,044.0","6,012.0","6,176.0","6,996.0","7,236.0","7,600.0","8,436.0","8,908.0","9,460.0","9,104.0","10,316.0","10,024.0","10,892.0","11,400.0","14,016.0","14,856.0","15,020.0","17,304.0","13,408.0","15,856.0","16,848.0","17,312.0","16,608.0","16,628.0","16,564.0","16,672.0","16,424.0","16,460.0","16,828.0","16,400.0","16,704.0","17,120.0","17,168.0","17,004.0","18,152.0","18,000.0","19,476.0","20,004.0","20,060.0","20,300.0","19,600.0","21,728.0","20,736.0","20,716.0","20,936.0","21,084.0","19,840.0","20,716.0","20,312.0","19,524.0","19,356.0","19,456.0","20,448.0","19,880.0","19,960.0","21,312.0","20,736.0","20,740.0","20,400.0","19,460.0","18,028.0","13,816.0","16,896.0","17,116.0","17,152.0","17,020.0","15,372.0","14,464.0","16,380.0","17,348.0","18,188.0","18,616.0","19,468.0","19,128.0","19,396.0","20,908.0","22,184.0","21,388.0","21,504.0","21,860.0","22,588.0","22,188.0","23,184.0","24,008.0","26,160.0","29,228.0","29,860.0","31,300.0","32,376.0","30,292.0","27,904.0","25,592.0","25,328.0","25,588.0","28,540.0","30,900.0","32,304.0","31,976.0","33,448.0","36,488.0","39,464.0"
"39","20","  Other transportation","B683RC1","2,112.0","2,840.0","2,820.0","2,836.0","2,960.0","3,110.0","3,246.0","3,182.0","3,292.0","3,424.0","3,477.0","3,006.0","3,386.0","3,436.0","3,616.0","3,880.0","4,225.0","4,317.0","4,589.0","4,730.0","5,256.0","5,701.0","5,687.0","6,144.0","5,813.0","5,695.0","5,768.0","6,085.0","6,710.0","6,388.0","6,724.0","7,165.0","6,788.0","7,388.0","7,332.0","6,850.0","7,512.0","7,948.0","8,352.0","8,732.0","9,192.0","9,456.0","10,356.0","10,880.0","11,084.0","11,372.0","11,740.0","12,276.0","12,720.0","12,432.0","12,548.0","12,540.0","12,516.0","12,460.0","12,236.0","12,072.0","12,136.0","12,452.0","12,748.0","13,036.0","13,332.0","13,744.0","14,004.0","14,168.0","14,384.0","14,288.0","14,572.0","15,464.0","15,180.0","15,216.0","15,632.0","15,716.0","15,876.0","16,588.0","17,492.0","18,152.0","18,832.0","19,472.0","19,348.0","19,588.0","20,356.0","20,816.0","20,000.0","20,936.0","21,648.0","21,428.0","22,372.0","22,716.0","21,924.0","22,316.0","22,944.0","23,348.0","21,504.0","21,464.0","21,412.0","21,740.0","21,976.0","22,064.0","21,564.0","22,224.0","21,980.0","23,496.0","24,184.0","25,356.0","25,180.0","26,244.0","26,116.0","26,788.0","25,052.0","25,960.0","25,752.0","27,528.0","26,800.0","27,040.0","26,760.0","27,416.0","25,540.0","25,172.0","25,312.0","26,396.0","25,876.0","26,664.0","26,828.0","28,296.0","28,964.0","30,116.0","30,076.0","30,056.0","29,908.0","28,936.0","28,200.0","26,724.0","27,856.0","28,616.0","29,536.0","30,772.0","30,332.0","30,760.0","31,340.0","33,232.0","35,820.0","36,760.0","36,552.0","38,696.0","39,644.0","40,920.0","40,840.0","43,720.0","44,548.0","46,376.0","46,764.0","47,212.0","39,253.0","39,635.0","41,061.0","41,309.0","44,676.0","44,622.0","45,610.0","41,155.0","34,707.0","34,333.0","35,479.0","37,612.0","38,875.0","39,993.0","40,392.0","40,484.0","42,114.0","42,878.0","43,464.0"
"40","21","  Royalties and license fees","B684RC1","1,940.0","2,056.0","1,996.0","2,084.0","2,204.0","2,324.0","2,388.0","2,408.0","2,448.0","2,496.0","2,508.0","2,724.0","2,652.0","2,712.0","2,812.0","2,904.0","3,120.0","3,000.0","3,432.0","3,348.0","3,676.0","3,808.0","4,024.0","4,216.0","4,324.0","4,408.0","4,412.0","4,500.0","4,440.0","4,440.0","4,496.0","4,476.0","4,672.0","4,896.0","5,248.0","5,308.0","5,792.0","5,748.0","6,008.0","6,472.0","6,000.0","6,188.0","6,396.0","6,668.0","6,824.0","7,252.0","7,252.0","7,524.0","7,400.0","7,392.0","7,436.0","7,524.0","5,912.0","5,708.0","5,844.0","4,944.0","5,684.0","5,876.0","5,820.0","5,736.0","6,000.0","6,120.0","6,188.0","6,404.0","6,200.0","6,368.0","6,356.0","7,788.0","7,496.0","8,020.0","8,244.0","8,696.0","9,532.0","9,760.0","10,504.0","10,884.0","11,452.0","11,896.0","12,060.0","13,152.0","13,532.0","13,528.0","13,852.0","14,364.0","15,228.0","16,280.0","17,268.0","17,768.0","17,392.0","17,464.0","17,744.0","18,672.0","20,612.0","20,812.0","21,180.0","20,768.0","21,028.0","22,016.0","21,504.0","22,228.0","26,164.0","26,620.0","26,672.0","27,396.0","28,876.0","29,716.0","31,288.0","31,276.0","31,644.0","31,592.0","32,792.0","33,852.0","32,944.0","33,432.0","33,540.0","33,000.0","34,296.0","35,220.0","34,888.0","38,096.0","39,004.0","38,868.0","40,396.0","40,412.0","42,704.0","43,452.0","43,684.0","43,088.0","40,472.0","40,964.0","39,552.0","41,792.0","41,640.0","45,128.0","46,360.0","44,900.0","45,296.0","46,252.0","47,288.0","49,112.0","54,228.0","54,728.0","56,160.0","61,744.0","63,412.0","63,396.0","64,860.0","65,908.0","66,696.0","68,372.0","70,836.0","77,004.0","78,804.0","81,612.0","87,188.0","90,716.0","100,896.0","102,204.0","104,344.0","101,060.0","88,544.0","94,296.0","94,684.0","111,208.0","102,460.0","104,908.0","106,880.0","108,084.0","108,662.0","110,978.0","112,521.0"
"41","22","  Other private services","B720RC1","844.0","896.0","960.0","996.0","1,012.0","1,016.0","1,056.0","1,088.0","1,168.0","1,240.0","1,316.0","1,388.0","1,444.0","1,472.0","1,484.0","1,528.0","1,568.0","1,636.0","1,720.0","1,836.0","2,824.0","2,884.0","2,988.0","3,148.0","3,368.0","3,628.0","3,776.0","3,976.0","4,164.0","4,372.0","4,660.0","4,804.0","4,840.0","4,880.0","4,876.0","5,080.0","5,572.0","5,756.0","6,572.0","6,752.0","6,924.0","7,160.0","7,244.0","7,708.0","7,676.0","8,400.0","8,856.0","9,364.0","12,524.0","13,156.0","13,076.0","13,860.0","16,179.0","16,560.0","16,998.0","17,883.0","16,993.0","17,622.0","17,608.0","18,257.0","18,823.0","18,465.0","18,742.0","18,518.0","18,918.0","18,879.0","19,402.0","20,361.0","27,916.0","28,195.0","28,350.0","28,931.0","28,940.0","29,401.0","29,747.0","30,333.0","30,784.0","30,909.0","31,527.0","32,452.0","34,949.0","36,485.0","37,804.0","38,896.0","38,570.0","39,446.0","40,843.0","43,506.0","45,504.0","47,862.0","48,953.0","50,115.0","49,336.0","49,660.0","51,208.0","50,956.0","52,120.0","52,588.0","53,584.0","55,728.0","58,556.0","60,248.0","60,912.0","63,652.0","62,596.0","63,888.0","66,228.0","67,476.0","70,016.0","72,280.0","73,468.0","77,584.0","79,628.0","83,344.0","85,608.0","87,140.0","88,348.0","91,980.0","92,644.0","94,116.0","101,488.0","103,100.0","105,036.0","106,116.0","104,880.0","106,792.0","108,664.0","111,284.0","112,684.0","113,608.0","112,848.0","116,296.0","120,252.0","121,888.0","121,932.0","124,760.0","127,036.0","129,564.0","131,884.0","137,768.0","144,872.0","147,264.0","147,180.0","157,740.0","158,212.0","153,432.0","159,056.0","169,496.0","179,432.0","181,840.0","183,136.0","199,704.0","211,068.0","218,500.0","228,564.0","231,604.0","226,696.0","235,868.0","232,636.0","232,876.0","234,764.0","231,956.0","230,936.0","241,776.0","238,272.0","244,388.0","255,220.0","263,404.0","267,273.0","272,857.0","276,353.0"
"42","23","  Other","B980RC1","1,378.0","1,407.0","1,468.0","1,487.0","1,533.0","1,543.0","1,616.0","1,612.0","1,634.0","1,667.0","1,652.0","1,696.0","1,753.0","1,804.0","1,889.0","1,949.0","2,006.0","2,122.0","2,387.0","2,358.0","2,525.0","2,667.0","2,859.0","2,965.0","3,060.0","3,208.0","3,166.0","3,170.0","3,214.0","3,193.0","3,235.0","3,323.0","3,466.0","3,490.0","3,649.0","3,751.0","3,864.0","4,113.0","4,291.0","4,493.0","4,678.0","4,983.0","5,180.0","5,040.0","5,085.0","5,181.0","5,476.0","5,790.0","6,189.0","6,399.0","6,283.0","6,098.0","5,297.0","5,026.0","5,328.0","5,281.0","6,173.0","6,873.0","6,645.0","6,790.0","6,483.0","6,797.0","6,909.0","7,453.0","8,378.0","8,340.0","7,940.0","7,889.0","7,817.0","7,737.0","7,903.0","8,195.0","8,006.0","7,558.0","7,713.0","7,699.0","7,650.0","7,615.0","7,607.0","7,312.0","7,311.0","6,978.0","6,751.0","7,080.0","7,157.0","8,368.0","8,306.0","8,317.0","9,317.0","9,173.0","9,759.0","9,871.0","10,427.0","11,074.0","11,740.0","11,243.0","11,433.0","11,926.0","11,391.0","10,946.0","11,594.0","11,033.0","12,194.0","11,995.0","11,311.0","10,698.0","11,070.0","10,777.0","11,592.0","11,091.0","11,498.0","11,763.0","12,342.0","12,118.0","12,041.0","12,051.0","11,933.0","11,711.0","11,536.0","12,091.0","11,544.0","11,742.0","11,942.0","11,849.0","12,554.0","12,268.0","11,822.0","11,516.0","11,710.0","11,989.0","11,952.0","11,974.0","12,143.0","12,094.0","11,801.0","11,432.0","11,373.0","11,425.0","11,475.0","11,551.0","11,760.0","12,124.0","12,300.0","12,405.0","12,377.0","12,295.0","12,420.0","12,448.0","12,603.0","12,919.0","12,996.0","13,851.0","13,204.0","13,561.0","14,284.0","15,080.0","15,766.0","17,013.0","16,876.0","16,956.0","15,807.0","15,426.0","14,951.0","15,379.0","16,606.0","16,666.0","15,884.0","15,731.0","16,346.0","16,127.0","15,264.0"
"43","24","    Imports of goods and services","B021RC1","43,803.0","52,671.0","52,364.0","53,126.0","53,517.0","55,204.0","56,431.0","57,889.0","58,652.0","63,295.0","65,482.0","61,939.0","72,173.0","71,409.0","74,091.0","79,190.0","85,360.0","89,469.0","91,138.0","98,669.0","110,314.0","129,382.0","133,610.0","136,552.0","124,888.0","115,245.0","122,055.0","128,730.0","138,938.0","147,116.0","155,848.0","162,679.0","176,433.0","183,041.0","182,903.0","187,393.0","203,282.0","208,840.0","215,062.0","221,816.0","229,827.0","243,097.0","257,307.0","280,466.0","304,312.0","292,598.0","279,201.0","299,200.0","319,724.0","321,963.0","309,897.0","319,447.0","309,477.0","299,115.0","309,282.0","294,860.0","295,250.0","317,950.0","343,381.0","357,971.0","387,978.0","406,499.0","409,590.0","416,361.0","397,308.0","418,571.0","414,167.0","438,868.0","439,418.0","443,990.0","459,434.0","468,626.0","477,686.0","502,338.0","517,318.0","537,513.0","542,713.0","546,098.0","552,849.0","574,314.0","586,154.0","595,389.0","584,427.0","598,152.0","626,767.0","614,759.0","630,102.0","647,282.0","620,317.0","613,921.0","621,669.0","638,270.0","645,823.0","658,951.0","677,853.0","688,536.0","699,310.0","716,281.0","719,251.0","745,049.0","761,827.0","797,560.0","833,751.0","860,559.0","886,899.0","908,343.0","905,843.0","909,201.0","936,735.0","952,751.0","973,757.0","992,620.0","1,027,213.0","1,039,651.0","1,070,888.0","1,085,344.0","1,098,236.0","1,109,622.0","1,109,901.0","1,145,000.0","1,170,634.0","1,222,164.0","1,281,731.0","1,331,030.0","1,410,729.0","1,453,618.0","1,515,028.0","1,521,788.0","1,492,477.0","1,420,306.0","1,364,177.0","1,317,886.0","1,348,315.0","1,424,011.0","1,456,411.0","1,492,062.0","1,516,098.0","1,515,854.0","1,540,848.0","1,607,778.0","1,685,063.0","1,776,886.0","1,821,318.0","1,912,397.0","1,939,792.0","1,988,650.0","2,042,133.0","2,140,587.0","2,189,806.0","2,237,425.0","2,281,680.0","2,252,470.0","2,300,400.0","2,348,878.0","2,393,688.0","2,456,105.0","2,561,615.0","2,668,872.0","2,690,647.0","2,304,802.0","1,905,683.0","1,859,057.0","1,997,009.0","2,136,502.0","2,245,349.0","2,345,025.0","2,400,888.0","2,435,532.0","2,595,425.0","2,682,392.0","2,677,457.0"
"44","25","Imports of goods \1\","A255RC1","30,772.0","39,116.0","38,536.0","38,828.0","39,348.0","40,068.0","41,180.0","42,824.0","43,376.0","47,440.0","49,640.0","45,744.0","55,092.0","54,092.0","57,288.0","61,264.0","66,460.0","70,040.0","72,100.0","78,772.0","88,832.0","106,388.0","110,600.0","112,260.0","100,936.0","92,264.0","98,772.0","104,028.0","113,540.0","121,324.0","128,920.0","134,744.0","147,624.0","153,150.0","153,170.0","156,572.0","170,334.0","175,133.0","179,406.0","184,766.0","192,181.0","204,075.0","216,775.0","238,116.0","259,655.0","248,467.0","234,146.0","252,012.0","270,185.0","271,773.0","260,492.0","268,806.0","257,623.0","245,844.0","257,204.0","241,495.0","242,508.0","262,761.0","285,851.0","299,589.0","322,454.0","337,923.0","339,856.0","345,030.0","325,388.0","344,425.0","340,520.0","362,845.0","357,705.0","365,100.0","374,759.0","382,460.0","389,537.0","409,063.0","422,798.0","437,679.0","441,486.0","445,679.0","451,121.0","470,214.0","481,986.0","490,713.0","477,447.0","489,020.0","510,376.0","495,803.0","506,283.0","519,820.0","496,967.0","491,023.0","500,436.0","514,455.0","523,470.0","537,882.0","553,860.0","564,495.0","575,865.0","590,145.0","592,109.0","612,924.0","627,223.0","662,022.0","695,660.0","722,344.0","745,464.0","764,255.0","759,719.0","760,356.0","784,526.0","798,397.0","814,409.0","832,459.0","861,459.0","871,959.0","898,369.0","910,830.0","920,800.0","926,876.0","922,498.0","952,829.0","975,465.0","1,020,788.0","1,073,898.0","1,120,600.0","1,188,886.0","1,227,631.0","1,280,514.0","1,288,969.0","1,261,591.0","1,184,758.0","1,139,469.0","1,100,895.0","1,119,147.0","1,192,432.0","1,219,243.0","1,244,677.0","1,268,003.0","1,271,007.0","1,281,611.0","1,336,409.0","1,401,087.0","1,483,001.0","1,521,380.0","1,601,183.0","1,628,851.0","1,671,680.0","1,719,991.0","1,811,398.0","1,842,891.0","1,884,311.0","1,925,044.0","1,887,467.0","1,938,784.0","1,977,973.0","2,012,720.0","2,073,508.0","2,162,251.0","2,261,884.0","2,269,971.0","1,891,285.0","1,521,715.0","1,478,230.0","1,608,380.0","1,740,675.0","1,844,049.0","1,939,697.0","1,982,659.0","2,022,819.0","2,176,165.0","2,257,336.0","2,250,249.0"
"45","26","  Foods, feeds, and beverages","B647RC1","4,060.0","5,568.0","5,572.0","5,744.0","5,968.0","6,028.0","6,272.0","6,320.0","5,928.0","6,436.0","7,976.0","5,116.0","7,164.0","6,604.0","7,568.0","7,696.0","8,164.0","8,716.0","9,192.0","10,404.0","10,760.0","10,348.0","10,284.0","10,880.0","9,148.0","8,820.0","10,308.0","10,292.0","10,336.0","10,924.0","12,380.0","12,544.0","13,712.0","15,248.0","13,312.0","13,652.0","16,064.0","15,688.0","15,039.0","16,510.0","17,242.0","18,208.0","17,094.0","19,569.0","18,690.0","18,204.0","17,826.0","19,537.0","20,377.0","18,690.0","17,452.0","17,708.0","15,694.0","17,635.0","18,442.0","18,135.0","17,804.0","18,676.0","19,375.0","19,442.0","21,437.0","21,318.0","22,408.0","22,355.0","22,263.0","21,684.0","21,152.0","22,298.0","24,438.0","24,049.0","24,518.0","24,499.0","24,365.0","25,114.0","24,899.0","24,858.0","26,024.0","23,870.0","24,968.0","24,854.0","25,027.0","24,309.0","25,279.0","24,960.0","27,842.0","26,021.0","25,972.0","25,774.0","25,675.0","26,849.0","26,181.0","26,084.0","26,544.0","28,406.0","27,953.0","27,500.0","27,007.0","27,339.0","28,254.0","28,845.0","29,228.0","30,392.0","32,253.0","31,951.0","33,726.0","32,644.0","33,329.0","33,061.0","33,966.0","35,693.0","36,327.0","36,947.0","37,689.0","39,555.0","41,082.0","40,489.0","41,241.0","41,352.0","41,006.0","41,440.0","42,316.0","43,890.0","43,678.0","44,527.0","44,929.0","45,871.0","46,765.0","46,352.0","45,732.0","45,739.0","47,981.0","47,109.0","47,193.0","49,035.0","50,744.0","51,774.0","53,921.0","54,940.0","56,379.0","58,090.0","59,817.0","62,491.0","61,840.0","64,426.0","65,098.0","67,456.0","68,899.0","70,924.0","73,615.0","73,101.0","75,270.0","77,764.0","80,352.0","80,279.0","82,719.0","83,385.0","87,819.0","91,249.0","92,812.0","89,877.0","82,961.0","82,357.0","82,305.0","83,773.0","88,216.0","91,878.0","94,125.0","95,679.0","103,519.0","109,688.0","108,559.0"
"46","27","  Industrial supplies and materials, except petroleum and products","A649RC1","9,892.0","12,872.0","11,928.0","11,940.0","11,784.0","12,008.0","12,172.0","12,980.0","12,880.0","14,416.0","14,344.0","12,684.0","15,048.0","15,428.0","15,964.0","17,476.0","18,512.0","18,776.0","18,864.0","20,600.0","21,612.0","25,740.0","29,404.0","31,320.0","27,864.0","22,564.0","21,216.0","22,620.0","25,364.0","28,072.0","29,508.0","30,988.0","30,112.0","33,572.0","34,788.0","35,268.0","37,259.0","39,345.0","39,955.0","40,714.0","40,956.0","44,826.0","45,234.0","49,049.0","51,774.0","48,115.0","43,361.0","46,098.0","49,933.0","53,200.0","52,551.0","52,471.0","47,843.0","45,158.0","44,926.0","43,560.0","46,683.0","49,289.0","52,806.0","55,540.0","61,589.0","63,917.0","61,907.0","63,080.0","58,450.0","60,702.0","58,604.0","59,159.0","61,584.0","62,133.0","61,434.0","64,723.0","63,569.0","63,316.0","65,606.0","71,843.0","75,044.0","75,352.0","76,120.0","80,065.0","80,830.0","79,455.0","77,109.0","77,661.0","77,990.0","76,612.0","79,129.0","79,036.0","74,277.0","75,042.0","75,145.0","78,158.0","80,264.0","81,471.0","82,858.0","85,026.0","85,733.0","86,844.0","89,094.0","93,154.0","96,648.0","101,189.0","106,890.0","115,085.0","118,623.0","121,989.0","118,711.0","118,982.0","121,029.0","122,248.0","125,435.0","129,624.0","131,247.0","132,777.0","135,875.0","138,959.0","141,351.0","144,442.0","142,134.0","140,956.0","138,878.0","143,634.0","151,005.0","159,728.0","165,656.0","170,670.0","177,540.0","180,375.0","187,057.0","168,606.0","158,056.0","149,540.0","149,479.0","158,121.0","162,284.0","168,643.0","171,922.0","172,175.0","178,379.0","180,191.0","197,456.0","223,090.0","238,380.0","246,656.0","254,122.0","256,500.0","258,776.0","294,728.0","287,971.0","288,470.0","299,953.0","289,147.0","286,948.0","302,652.0","300,658.0","292,366.0","309,517.0","334,647.0","347,645.0","283,732.0","210,395.0","176,008.0","188,571.0","213,361.0","239,790.0","252,631.0","255,144.0","254,181.0","283,926.0","306,542.0","306,898.0"
"47","28","    Durable goods","A820RC1","6,024.0","8,052.0","7,244.0","7,268.0","7,052.0","7,340.0","7,480.0","7,976.0","7,832.0","8,888.0","8,780.0","7,816.0","9,064.0","9,520.0","9,976.0","11,112.0","11,716.0","11,836.0","12,028.0","13,016.0","13,476.0","16,204.0","18,488.0","20,124.0","17,544.0","13,572.0","12,328.0","12,828.0","14,280.0","16,036.0","17,188.0","17,528.0","17,296.0","20,048.0","20,716.0","21,540.0","22,531.0","22,979.0","24,239.0","24,844.0","24,904.0","26,280.0","26,792.0","28,808.0","30,427.0","26,240.0","23,418.0","25,888.0","26,721.0","29,683.0","28,894.0","28,156.0","24,904.0","22,340.0","21,406.0","20,491.0","23,041.0","25,109.0","28,237.0","28,782.0","32,407.0","33,916.0","32,473.0","32,421.0","29,989.0","31,396.0","30,448.0","30,213.0","32,646.0","33,782.0","32,396.0","34,700.0","32,681.0","32,762.0","33,576.0","36,963.0","38,836.0","38,734.0","38,751.0","42,251.0","41,650.0","40,715.0","39,342.0","38,903.0","38,251.0","37,421.0","39,533.0","38,702.0","35,400.0","35,167.0","35,653.0","36,277.0","38,633.0","38,957.0","39,102.0","39,990.0","41,154.0","40,866.0","43,151.0","47,084.0","48,317.0","51,718.0","54,536.0","59,246.0","61,386.0","60,896.0","58,041.0","58,395.0","59,967.0","62,212.0","64,042.0","65,800.0","66,210.0","68,588.0","69,669.0","71,801.0","74,451.0","76,976.0","76,335.0","76,116.0","75,261.0","77,170.0","79,503.0","84,807.0","90,057.0","89,932.0","89,081.0","87,733.0","86,682.0","81,687.0","79,713.0","76,019.0","79,452.0","80,999.0","82,994.0","85,126.0","82,837.0","81,110.0","84,767.0","91,642.0","100,210.0","117,733.0","128,752.0","135,111.0","136,833.0","136,499.0","129,384.0","141,345.0","156,560.0","162,173.0","170,693.0","162,836.0","158,100.0","163,390.0","160,431.0","152,129.0","160,083.0","169,961.0","174,418.0","142,121.0","102,180.0","84,342.0","91,595.0","104,963.0","117,614.0","129,156.0","126,447.0","127,927.0","149,119.0","156,947.0","154,030.0"
"48","29","    Nondurable goods","B696RC1","3,868.0","4,820.0","4,684.0","4,672.0","4,732.0","4,668.0","4,692.0","5,004.0","5,048.0","5,528.0","5,564.0","4,868.0","5,984.0","5,908.0","5,988.0","6,364.0","6,796.0","6,940.0","6,836.0","7,584.0","8,136.0","9,536.0","10,916.0","11,196.0","10,320.0","8,992.0","8,888.0","9,792.0","11,084.0","12,036.0","12,320.0","13,460.0","12,816.0","13,524.0","14,072.0","13,728.0","14,728.0","16,366.0","15,716.0","15,870.0","16,052.0","18,546.0","18,442.0","20,241.0","21,347.0","21,875.0","19,943.0","20,210.0","23,212.0","23,517.0","23,657.0","24,315.0","22,939.0","22,818.0","23,520.0","23,069.0","23,642.0","24,180.0","24,569.0","26,758.0","29,182.0","30,001.0","29,434.0","30,659.0","28,461.0","29,306.0","28,156.0","28,946.0","28,938.0","28,351.0","29,038.0","30,023.0","30,888.0","30,554.0","32,030.0","34,880.0","36,208.0","36,618.0","37,369.0","37,814.0","39,180.0","38,740.0","37,767.0","38,758.0","39,739.0","39,191.0","39,596.0","40,334.0","38,877.0","39,875.0","39,492.0","41,881.0","41,631.0","42,514.0","43,756.0","45,036.0","44,579.0","45,978.0","45,943.0","46,070.0","48,331.0","49,471.0","52,354.0","55,839.0","57,237.0","61,093.0","60,670.0","60,587.0","61,062.0","60,036.0","61,393.0","63,824.0","65,037.0","64,189.0","66,206.0","67,158.0","66,900.0","67,466.0","65,799.0","64,840.0","63,617.0","66,464.0","71,502.0","74,921.0","75,599.0","80,738.0","88,459.0","92,642.0","100,375.0","86,919.0","78,343.0","73,521.0","70,027.0","77,122.0","79,290.0","83,517.0","89,085.0","91,065.0","93,612.0","88,549.0","97,246.0","105,357.0","109,628.0","111,545.0","117,289.0","120,001.0","129,392.0","153,383.0","131,411.0","126,297.0","129,260.0","126,311.0","128,848.0","139,262.0","140,227.0","140,237.0","149,434.0","164,686.0","173,227.0","141,611.0","108,215.0","91,666.0","96,976.0","108,398.0","122,176.0","123,475.0","128,697.0","126,254.0","134,807.0","149,595.0","152,868.0"
"49","30","  Petroleum and products","B648RC1","2,476.0","2,704.0","2,608.0","2,808.0","2,960.0","2,852.0","2,760.0","3,136.0","2,832.0","3,492.0","3,972.0","4,304.0","4,276.0","4,344.0","4,808.0","5,172.0","6,136.0","7,400.0","8,348.0","11,776.0","18,632.0","29,132.0","28,880.0","29,788.0","26,900.0","24,720.0","27,296.0","29,156.0","30,692.0","33,384.0","35,576.0","38,636.0","47,984.0","45,140.0","44,172.0","42,632.0","43,406.0","40,294.0","43,391.0","43,122.0","47,460.0","52,402.0","66,517.0","75,339.0","87,678.0","81,615.0","71,402.0","77,360.0","87,454.0","82,187.0","73,101.0","70,750.0","66,912.0","53,004.0","66,444.0","61,446.0","43,722.0","54,519.0","65,100.0","57,010.0","58,077.0","59,707.0","56,565.0","57,853.0","44,085.0","54,657.0","49,502.0","57,293.0","41,774.0","31,275.0","31,675.0","32,390.0","35,551.0","40,402.0","50,444.0","45,378.0","40,216.0","41,309.0","39,284.0","37,718.0","48,364.0","52,729.0","49,447.0","53,109.0","69,327.0","49,489.0","58,252.0","72,115.0","57,288.0","50,313.0","50,088.0","49,270.0","46,715.0","50,349.0","54,511.0","54,742.0","56,060.0","54,790.0","47,742.0","47,336.0","45,803.0","49,169.0","58,529.0","51,601.0","57,056.0","56,852.0","55,227.0","54,980.0","63,690.0","71,011.0","73,204.0","83,080.0","83,456.0","67,940.0","67,030.0","68,657.0","58,402.0","51,408.0","47,282.0","46,522.0","45,694.0","61,528.0","75,899.0","88,105.0","117,080.0","112,576.0","120,669.0","130,791.0","125,274.0","108,572.0","97,144.0","83,358.0","81,414.0","104,044.0","106,862.0","121,646.0","142,105.0","125,942.0","131,195.0","133,075.0","160,786.0","166,541.0","177,919.0","216,593.0","214,176.0","230,104.0","266,748.0","296,394.0","291,440.0","312,857.0","331,772.0","273,652.0","296,823.0","326,496.0","344,958.0","418,475.0","468,999.0","520,194.0","554,203.0","361,116.0","220,116.0","240,224.0","292,273.0","318,213.0","352,956.0","356,280.0","347,625.0","357,966.0","445,476.0","479,801.0","456,696.0"
"50","31","  Capital goods, except automotive","A650RC1","2,800.0","3,624.0","3,652.0","3,612.0","3,816.0","3,912.0","4,016.0","4,168.0","4,244.0","4,432.0","4,492.0","4,168.0","5,676.0","5,512.0","5,968.0","6,520.0","7,332.0","8,036.0","8,536.0","9,148.0","8,684.0","9,532.0","10,616.0","10,444.0","10,156.0","9,736.0","9,936.0","10,836.0","11,496.0","11,960.0","12,504.0","13,168.0","12,692.0","13,500.0","14,372.0","15,376.0","17,473.0","19,111.0","19,621.0","20,951.0","22,538.0","24,404.0","24,556.0","26,944.0","30,452.0","31,750.0","30,727.0","33,378.0","34,585.0","36,130.0","37,108.0","40,715.0","40,115.0","40,676.0","38,171.0","34,825.0","39,402.0","40,115.0","44,679.0","50,741.0","55,152.0","60,158.0","63,317.0","62,843.0","59,953.0","60,553.0","60,175.0","64,466.0","65,949.0","72,189.0","74,488.0","75,336.0","76,062.0","83,140.0","87,796.0","93,517.0","95,834.0","101,671.0","103,647.0","107,658.0","107,154.0","113,455.0","112,826.0","115,742.0","113,724.0","115,733.0","116,511.0","119,506.0","120,331.0","120,908.0","121,325.0","121,865.0","126,170.0","132,666.0","138,733.0","141,687.0","143,502.0","152,010.0","154,526.0","162,573.0","171,206.0","180,211.0","188,613.0","200,034.0","206,232.0","220,279.0","229,029.0","233,047.0","231,449.0","225,629.0","226,265.0","230,315.0","238,771.0","250,870.0","261,317.0","263,358.0","268,668.0","269,297.0","267,418.0","273,937.0","278,949.0","291,611.0","300,819.0","311,490.0","320,422.0","346,216.0","362,171.0","359,286.0","339,616.0","300,347.0","280,207.0","273,314.0","278,074.0","286,180.0","286,043.0","285,488.0","286,127.0","292,689.0","294,721.0","312,151.0","324,852.0","341,132.0","350,958.0","360,994.0","364,295.0","382,736.0","382,872.0","393,054.0","407,682.0","416,169.0","426,017.0","429,937.0","439,053.0","443,304.0","450,418.0","451,336.0","464,951.0","476,596.0","466,524.0","426,719.0","371,055.0","351,448.0","369,669.0","398,473.0","409,444.0","446,132.0","464,788.0","479,506.0","493,578.0","514,086.0","516,336.0"
"51","32","    Civilian aircraft, engines, and parts","B932RC1","184.0","168.0","172.0","184.0","168.0","208.0","168.0","220.0","232.0","260.0","252.0","160.0","360.0","472.0","464.0","612.0","592.0","552.0","656.0","672.0","604.0","724.0","704.0","512.0","576.0","660.0","436.0","516.0","448.0","384.0","388.0","404.0","412.0","572.0","528.0","856.0","808.0","911.0","810.0","865.0","1,243.0","1,228.0","1,163.0","1,896.0","2,706.0","3,232.0","2,824.0","3,780.0","3,853.0","3,696.0","3,370.0","4,529.0","3,830.0","3,678.0","3,006.0","3,568.0","3,342.0","2,817.0","2,674.0","4,028.0","3,492.0","3,180.0","4,204.0","3,894.0","4,700.0","5,648.0","4,896.0","5,909.0","5,107.0","7,405.0","5,729.0","6,027.0","5,208.0","6,631.0","6,842.0","7,626.0","6,318.0","8,494.0","8,392.0","8,349.0","8,033.0","9,987.0","9,022.0","10,702.0","9,058.0","10,372.0","9,816.0","12,650.0","10,945.0","12,047.0","12,417.0","11,538.0","11,838.0","13,156.0","12,286.0","13,043.0","10,631.0","11,594.0","10,440.0","12,509.0","11,417.0","12,080.0","9,810.0","11,886.0","10,687.0","11,085.0","10,385.0","10,680.0","10,960.0","12,607.0","13,138.0","13,978.0","13,946.0","15,322.0","18,977.0","18,147.0","18,033.0","22,574.0","22,424.0","24,225.0","22,413.0","23,047.0","25,586.0","24,047.0","23,273.0","24,924.0","26,754.0","30,550.0","31,043.0","31,082.0","30,818.0","32,490.0","28,491.0","24,663.0","22,415.0","26,261.0","23,320.0","23,876.0","22,960.0","26,188.0","21,011.0","24,443.0","24,028.0","27,713.0","25,673.0","28,119.0","24,058.0","25,153.0","28,224.0","27,528.0","27,212.0","30,575.0","32,893.0","34,406.0","35,027.0","35,301.0","37,053.0","38,293.0","34,411.0","32,247.0","30,128.0","31,702.0","29,862.0","31,038.0","29,811.0","30,487.0","31,994.0","32,695.0","33,040.0","34,222.0","33,149.0"
"52","33","    Computers, peripherals, and parts","B852RC1","96.0","136.0","160.0","148.0","168.0","196.0","196.0","200.0","204.0","208.0","228.0","240.0","296.0","268.0","244.0","252.0","308.0","344.0","384.0","364.0","360.0","380.0","404.0","416.0","416.0","380.0","400.0","424.0","496.0","532.0","576.0","656.0","592.0","636.0","676.0","736.0","848.0","992.0","960.0","1,060.0","1,140.0","1,320.0","1,212.0","1,284.0","1,344.0","1,340.0","1,576.0","1,632.0","1,684.0","1,916.0","2,000.0","2,180.0","2,319.0","2,542.0","2,882.0","3,034.0","4,440.0","5,248.0","5,744.0","6,679.0","7,361.0","8,246.0","8,779.0","8,806.0","8,267.0","8,010.0","8,241.0","8,940.0","9,685.0","10,596.0","11,526.0","12,149.0","12,966.0","14,059.0","15,406.0","16,925.0","17,506.0","18,304.0","18,846.0","18,775.0","19,626.0","20,679.0","21,835.0","23,680.0","23,202.0","22,708.0","22,511.0","23,254.0","24,968.0","25,787.0","26,571.0","26,571.0","28,100.0","30,988.0","33,502.0","34,157.0","35,833.0","37,665.0","39,120.0","39,530.0","41,998.0","45,050.0","46,974.0","50,621.0","50,488.0","53,766.0","58,368.0","62,486.0","61,785.0","60,881.0","61,043.0","62,347.0","66,922.0","70,575.0","72,548.0","70,659.0","72,712.0","71,798.0","70,886.0","74,499.0","78,362.0","81,818.0","81,722.0","83,928.0","83,247.0","89,484.0","95,897.0","90,421.0","83,269.0","75,012.0","69,475.0","68,247.0","75,319.0","76,084.0","75,481.0","73,720.0","74,452.0","75,187.0","75,878.0","80,530.0","84,041.0","87,757.0","90,513.0","92,228.0","91,350.0","92,554.0","94,020.0","95,315.0","99,143.0","100,263.0","102,995.0","102,986.0","108,806.0","104,006.0","103,327.0","104,494.0","106,339.0","108,839.0","103,147.0","86,562.0","81,130.0","85,568.0","97,549.0","112,460.0","113,278.0","123,030.0","117,694.0","115,027.0","112,933.0","123,513.0","121,304.0"
"53","34","    Other","B853RC1","2,520.0","3,320.0","3,320.0","3,280.0","3,480.0","3,508.0","3,652.0","3,748.0","3,808.0","3,964.0","4,012.0","3,768.0","5,020.0","4,772.0","5,260.0","5,656.0","6,432.0","7,140.0","7,496.0","8,112.0","7,720.0","8,428.0","9,508.0","9,516.0","9,164.0","8,696.0","9,100.0","9,896.0","10,552.0","11,044.0","11,540.0","12,108.0","11,688.0","12,292.0","13,168.0","13,784.0","15,817.0","17,208.0","17,851.0","19,026.0","20,155.0","21,856.0","22,181.0","23,764.0","26,402.0","27,178.0","26,327.0","27,966.0","29,048.0","30,518.0","31,738.0","34,006.0","33,966.0","34,456.0","32,283.0","28,223.0","31,620.0","32,050.0","36,261.0","40,034.0","44,299.0","48,732.0","50,334.0","50,143.0","46,986.0","46,895.0","47,038.0","49,617.0","51,157.0","54,188.0","57,233.0","57,160.0","57,888.0","62,450.0","65,548.0","68,966.0","72,010.0","74,873.0","76,409.0","80,534.0","79,495.0","82,789.0","81,969.0","81,360.0","81,464.0","82,653.0","84,184.0","83,602.0","84,418.0","83,074.0","82,337.0","83,756.0","86,232.0","88,522.0","92,945.0","94,487.0","97,038.0","102,751.0","104,966.0","110,534.0","117,791.0","123,081.0","131,829.0","137,527.0","145,057.0","155,428.0","160,276.0","159,881.0","158,704.0","152,141.0","152,084.0","153,990.0","157,903.0","164,973.0","169,792.0","174,552.0","177,923.0","174,925.0","174,108.0","175,213.0","178,174.0","186,746.0","193,511.0","203,515.0","213,902.0","231,808.0","239,520.0","238,315.0","225,304.0","194,253.0","179,914.0","172,577.0","174,264.0","185,433.0","188,147.0","185,507.0","188,355.0","193,626.0","195,883.0","205,433.0","219,800.0","228,932.0","236,417.0","241,053.0","247,272.0","262,063.0","264,794.0","272,586.0","280,315.0","288,378.0","295,810.0","296,376.0","297,354.0","304,892.0","312,064.0","311,541.0","321,559.0","329,464.0","328,966.0","307,910.0","259,797.0","234,178.0","242,258.0","254,975.0","266,355.0","292,615.0","315,100.0","331,784.0","347,605.0","356,351.0","361,883.0"
"54","35","  Automotive vehicles, engines, and parts","B651RC1","4,040.0","5,168.0","5,552.0","5,468.0","5,296.0","5,724.0","5,820.0","5,888.0","6,892.0","7,248.0","8,184.0","7,900.0","8,812.0","8,780.0","8,692.0","9,680.0","10,296.0","10,756.0","10,652.0","11,128.0","11,724.0","12,756.0","13,268.0","11,952.0","10,460.0","10,928.0","13,144.0","13,808.0","15,860.0","16,860.0","17,392.0","17,016.0","17,472.0","18,744.0","19,932.0","21,288.0","22,804.0","25,537.0","25,306.0","26,506.0","26,337.0","27,179.0","25,971.0","27,027.0","28,374.0","26,414.0","28,103.0","30,138.0","29,555.0","31,058.0","30,407.0","32,941.0","33,201.0","35,895.0","36,550.0","31,531.0","37,395.0","41,696.0","42,623.0","50,465.0","54,266.0","55,798.0","57,226.0","58,797.0","59,540.0","63,140.0","66,666.0","70,278.0","71,546.0","77,667.0","82,153.0","80,875.0","83,391.0","86,008.0","83,650.0","87,647.0","86,634.0","86,471.0","86,425.0","92,262.0","93,775.0","89,305.0","82,364.0","84,155.0","85,712.0","90,574.0","89,238.0","87,275.0","83,739.0","80,602.0","88,231.0","89,262.0","90,025.0","90,191.0","90,488.0","95,143.0","100,444.0","101,268.0","99,958.0","106,548.0","107,544.0","115,883.0","121,182.0","127,908.0","129,093.0","127,140.0","120,296.0","118,368.0","123,397.0","130,164.0","133,602.0","127,804.0","138,790.0","138,846.0","140,583.0","139,495.0","144,364.0","145,613.0","142,716.0","161,851.0","170,284.0","175,159.0","183,514.0","186,899.0","197,277.0","195,413.0","197,359.0","193,456.0","189,120.0","190,375.0","191,631.0","187,998.0","193,489.0","203,461.0","208,956.0","209,067.0","205,389.0","211,713.0","205,049.0","218,403.0","221,125.0","229,578.0","230,186.0","231,758.0","231,722.0","234,531.0","240,152.0","251,391.0","256,632.0","256,479.0","251,631.0","261,768.0","253,119.0","255,848.0","263,998.0","253,641.0","257,901.0","252,500.0","229,188.0","193,226.0","131,280.0","128,801.0","174,937.0","201,641.0","206,818.0","224,937.0","236,281.0","234,338.0","256,145.0","232,781.0","266,589.0"
"55","36","  Consumer goods, except automotive","A652RC1","5,496.0","6,796.0","6,796.0","6,860.0","7,072.0","7,148.0","7,564.0","7,828.0","8,016.0","8,696.0","7,912.0","8,928.0","11,144.0","10,644.0","11,112.0","11,516.0","12,632.0","12,780.0","12,952.0","13,204.0","13,008.0","14,584.0","15,276.0","14,652.0","13,072.0","12,344.0","13,036.0","14,392.0","15,616.0","16,444.0","17,816.0","18,784.0","20,560.0","21,728.0","21,736.0","23,160.0","27,550.0","29,588.0","29,844.0","30,507.0","29,898.0","31,092.0","31,301.0","32,756.0","33,877.0","34,431.0","33,579.0","35,183.0","37,109.0","37,618.0","37,641.0","41,125.0","40,688.0","38,566.0","40,209.0","39,224.0","44,230.0","44,512.0","47,622.0","52,741.0","57,563.0","61,323.0","62,655.0","62,834.0","64,037.0","64,615.0","66,181.0","70,509.0","73,878.0","77,975.0","81,381.0","84,183.0","85,619.0","89,611.0","88,767.0","91,300.0","94,942.0","93,614.0","96,423.0","100,717.0","101,404.0","105,238.0","103,404.0","104,485.0","105,353.0","106,280.0","104,499.0","103,712.0","104,053.0","103,073.0","106,732.0","116,746.0","117,944.0","120,877.0","124,619.0","126,251.0","129,041.0","132,278.0","136,609.0","136,864.0","138,226.0","143,508.0","147,909.0","153,967.0","158,642.0","160,797.0","161,593.0","157,850.0","165,875.0","167,934.0","175,624.0","180,693.0","184,164.0","192,331.0","199,032.0","205,320.0","212,074.0","218,384.0","220,826.0","222,625.0","231,218.0","235,794.0","248,127.0","259,005.0","268,526.0","282,461.0","289,066.0","296,547.0","293,402.0","288,417.0","284,642.0","279,732.0","289,448.0","308,593.0","320,682.0","324,131.0","329,471.0","331,050.0","337,810.0","352,427.0","359,089.0","379,793.0","376,455.0","393,244.0","408,920.0","413,157.0","409,042.0","415,013.0","430,595.0","437,333.0","449,745.0","466,913.0","482,937.0","474,168.0","472,673.0","483,027.0","490,948.0","499,674.0","498,341.0","457,923.0","428,834.0","423,120.0","426,873.0","450,984.0","459,175.0","484,695.0","501,730.0","500,641.0","514,947.0","525,450.0","514,429.0"
"56","37","    Durable goods","B697RC1","3,396.0","4,132.0","4,156.0","4,232.0","4,268.0","4,244.0","4,484.0","4,652.0","4,788.0","5,272.0","4,592.0","5,524.0","6,976.0","6,736.0","6,872.0","7,196.0","7,888.0","8,028.0","8,176.0","8,124.0","8,368.0","9,268.0","9,764.0","9,212.0","7,920.0","7,292.0","7,512.0","7,932.0","8,580.0","8,940.0","9,936.0","10,908.0","12,892.0","13,176.0","13,152.0","14,396.0","16,949.0","18,092.0","18,526.0","18,607.0","17,914.0","18,939.0","19,340.0","20,232.0","20,782.0","21,320.0","20,610.0","21,601.0","22,748.0","22,965.0","22,977.0","24,857.0","25,160.0","22,808.0","23,015.0","22,772.0","26,344.0","25,427.0","27,280.0","30,695.0","32,564.0","34,330.0","35,903.0","36,626.0","37,677.0","37,485.0","38,157.0","39,916.0","42,108.0","45,539.0","46,735.0","48,112.0","47,667.0","48,908.0","48,989.0","50,364.0","51,582.0","50,962.0","52,849.0","55,855.0","57,151.0","58,327.0","56,620.0","55,859.0","56,179.0","56,200.0","55,232.0","55,004.0","54,595.0","54,552.0","56,624.0","61,743.0","61,906.0","63,525.0","65,311.0","64,987.0","68,236.0","68,306.0","71,827.0","72,523.0","73,127.0","76,191.0","77,689.0","81,614.0","83,357.0","84,051.0","84,238.0","83,059.0","87,691.0","88,845.0","93,208.0","93,796.0","95,964.0","99,228.0","102,208.0","105,920.0","110,116.0","113,344.0","114,155.0","116,694.0","118,717.0","125,189.0","131,365.0","136,370.0","145,078.0","150,291.0","153,033.0","158,323.0","153,821.0","148,061.0","147,049.0","145,760.0","152,727.0","164,892.0","168,491.0","167,427.0","166,487.0","168,662.0","176,810.0","187,112.0","188,850.0","201,923.0","201,984.0","214,210.0","220,509.0","221,227.0","226,465.0","227,854.0","236,852.0","236,202.0","244,539.0","257,804.0","263,373.0","257,014.0","262,788.0","270,540.0","269,085.0","275,900.0","277,197.0","247,234.0","224,871.0","225,113.0","223,654.0","236,951.0","244,813.0","260,687.0","268,403.0","268,559.0","276,082.0","275,407.0","268,268.0"
"57","38","    Nondurable goods","B698RC1","2,100.0","2,664.0","2,640.0","2,628.0","2,804.0","2,904.0","3,080.0","3,176.0","3,228.0","3,424.0","3,320.0","3,404.0","4,168.0","3,908.0","4,240.0","4,320.0","4,744.0","4,752.0","4,776.0","5,080.0","4,640.0","5,316.0","5,512.0","5,440.0","5,152.0","5,052.0","5,524.0","6,460.0","7,036.0","7,504.0","7,880.0","7,876.0","7,668.0","8,552.0","8,584.0","8,764.0","10,601.0","11,496.0","11,318.0","11,900.0","11,984.0","12,153.0","11,961.0","12,524.0","13,095.0","13,111.0","12,969.0","13,582.0","14,361.0","14,653.0","14,664.0","16,268.0","15,528.0","15,758.0","17,194.0","16,452.0","17,886.0","19,085.0","20,342.0","22,046.0","24,999.0","26,993.0","26,752.0","26,208.0","26,360.0","27,130.0","28,024.0","30,593.0","31,770.0","32,436.0","34,646.0","36,071.0","37,952.0","40,703.0","39,778.0","40,936.0","43,360.0","42,652.0","43,574.0","44,862.0","44,253.0","46,911.0","46,784.0","48,626.0","49,174.0","50,080.0","49,267.0","48,708.0","49,458.0","48,521.0","50,108.0","55,003.0","56,038.0","57,352.0","59,308.0","61,264.0","60,805.0","63,972.0","64,782.0","64,341.0","65,099.0","67,317.0","70,220.0","72,353.0","75,285.0","76,746.0","77,355.0","74,791.0","78,184.0","79,089.0","82,416.0","86,897.0","88,200.0","93,103.0","96,824.0","99,400.0","101,958.0","105,040.0","106,671.0","105,931.0","112,501.0","110,605.0","116,762.0","122,635.0","123,448.0","132,170.0","136,033.0","138,224.0","139,581.0","140,356.0","137,593.0","133,972.0","136,721.0","143,701.0","152,191.0","156,704.0","162,984.0","162,388.0","161,000.0","165,315.0","170,239.0","177,870.0","174,471.0","179,034.0","188,411.0","191,930.0","182,577.0","187,159.0","193,743.0","201,131.0","205,206.0","209,109.0","219,564.0","217,154.0","209,885.0","212,487.0","221,863.0","223,774.0","221,144.0","210,689.0","203,963.0","198,007.0","203,219.0","214,033.0","214,362.0","224,008.0","233,327.0","232,082.0","238,865.0","250,043.0","246,161.0"
"58","39","  Other","A653RC1","2,008.0","2,384.0","2,428.0","2,396.0","2,452.0","2,396.0","2,576.0","2,504.0","2,584.0","2,720.0","2,760.0","2,644.0","2,972.0","2,780.0","3,176.0","3,204.0","3,388.0","3,576.0","3,556.0","2,512.0","4,412.0","4,296.0","2,872.0","3,224.0","3,336.0","3,152.0","3,836.0","2,924.0","4,176.0","3,680.0","3,744.0","3,608.0","5,092.0","5,218.0","4,858.0","5,196.0","5,778.0","5,570.0","6,250.0","6,456.0","7,750.0","5,964.0","6,102.0","7,432.0","8,810.0","7,938.0","9,148.0","10,318.0","11,172.0","12,890.0","12,232.0","13,096.0","13,170.0","14,910.0","12,462.0","12,774.0","13,272.0","13,954.0","13,646.0","13,650.0","14,370.0","15,702.0","15,778.0","17,268.0","17,060.0","19,074.0","18,240.0","18,842.0","18,536.0","19,812.0","19,110.0","20,454.0","20,980.0","21,472.0","21,636.0","23,136.0","22,792.0","23,392.0","24,254.0","26,940.0","25,432.0","26,222.0","27,018.0","28,908.0","30,428.0","31,094.0","32,682.0","32,402.0","31,604.0","34,236.0","32,734.0","33,070.0","35,808.0","33,922.0","34,698.0","34,146.0","34,078.0","35,616.0","35,926.0","37,604.0","38,568.0","41,670.0","40,284.0","41,798.0","42,092.0","44,554.0","41,534.0","44,068.0","45,120.0","45,718.0","43,952.0","43,996.0","47,342.0","49,640.0","53,450.0","54,552.0","54,700.0","56,380.0","61,116.0","65,498.0","68,126.0","69,172.0","70,856.0","70,846.0","74,996.0","74,424.0","86,944.0","82,162.0","81,390.0","82,702.0","79,808.0","79,844.0","80,050.0","82,998.0","83,672.0","83,928.0","79,068.0","82,498.0","78,078.0","82,072.0","77,962.0","80,376.0","85,642.0","87,512.0","90,518.0","87,196.0","93,502.0","89,894.0","94,956.0","99,902.0","90,656.0","88,286.0","99,552.0","95,226.0","97,296.0","91,278.0","82,116.0","87,024.0","81,258.0","78,692.0","77,074.0","76,272.0","73,752.0","74,230.0","87,650.0","83,144.0","82,966.0","100,508.0","78,574.0","88,988.0","80,742.0"
"59","40","Imports of services \1\","B656RC1","13,031.0","13,555.0","13,828.0","14,298.0","14,169.0","15,136.0","15,251.0","15,065.0","15,276.0","15,855.0","15,842.0","16,195.0","17,081.0","17,317.0","16,803.0","17,926.0","18,900.0","19,429.0","19,038.0","19,897.0","21,482.0","22,994.0","23,010.0","24,292.0","23,952.0","22,981.0","23,283.0","24,702.0","25,398.0","25,792.0","26,928.0","27,935.0","28,809.0","29,891.0","29,733.0","30,821.0","32,948.0","33,707.0","35,656.0","37,050.0","37,646.0","39,022.0","40,532.0","42,350.0","44,657.0","44,131.0","45,055.0","47,188.0","49,539.0","50,190.0","49,405.0","50,641.0","51,854.0","53,271.0","52,078.0","53,365.0","52,742.0","55,189.0","57,530.0","58,382.0","65,524.0","68,576.0","69,734.0","71,331.0","71,920.0","74,146.0","73,647.0","76,023.0","81,713.0","78,890.0","84,675.0","86,166.0","88,149.0","93,275.0","94,520.0","99,834.0","101,227.0","100,419.0","101,728.0","104,100.0","104,168.0","104,676.0","106,980.0","109,132.0","116,391.0","118,956.0","123,819.0","127,462.0","123,350.0","122,898.0","121,233.0","123,815.0","122,353.0","121,069.0","123,993.0","124,041.0","123,445.0","126,136.0","127,142.0","132,125.0","134,604.0","135,538.0","138,091.0","138,215.0","141,435.0","144,088.0","146,124.0","148,845.0","152,209.0","154,354.0","159,348.0","160,161.0","165,754.0","167,692.0","172,519.0","174,514.0","177,436.0","182,746.0","187,403.0","192,171.0","195,169.0","201,376.0","207,833.0","210,430.0","221,843.0","225,987.0","234,514.0","232,819.0","230,886.0","235,548.0","224,708.0","216,991.0","229,168.0","231,579.0","237,168.0","247,385.0","248,095.0","244,847.0","259,237.0","271,369.0","283,976.0","293,885.0","299,938.0","311,214.0","310,941.0","316,970.0","322,142.0","329,189.0","346,915.0","353,114.0","356,636.0","365,003.0","361,616.0","370,905.0","380,968.0","382,597.0","399,364.0","406,988.0","420,676.0","413,517.0","383,968.0","380,827.0","388,629.0","395,827.0","401,300.0","405,328.0","418,229.0","412,713.0","419,260.0","425,056.0","427,208.0"
"60","41","  Direct defense expenditures","B752RC1","4,790.0","4,747.0","4,884.0","5,003.0","4,713.0","5,034.0","4,843.0","4,831.0","4,696.0","4,823.0","4,814.0","4,944.0","4,888.0","5,089.0","4,419.0","4,739.0","4,678.0","4,923.0","4,266.0","4,649.0","4,612.0","5,193.0","5,059.0","5,265.0","5,268.0","4,739.0","4,383.0","4,792.0","4,626.0","4,864.0","4,950.0","5,126.0","5,469.0","5,848.0","5,933.0","6,043.0","6,720.0","7,009.0","7,495.0","8,182.0","8,004.0","7,744.0","8,348.0","9,082.0","10,540.0","10,275.0","10,778.0","11,809.0","11,110.0","12,388.0","10,836.0","11,921.0","11,816.0","12,672.0","12,576.0","12,772.0","12,908.0","12,996.0","13,164.0","13,280.0","12,212.0","12,860.0","12,056.0","12,932.0","12,984.0","12,680.0","12,212.0","14,560.0","13,736.0","14,040.0","13,280.0","13,868.0","14,452.0","14,432.0","15,152.0","15,768.0","15,324.0","15,472.0","15,404.0","16,216.0","15,784.0","15,632.0","14,888.0","14,944.0","16,024.0","15,640.0","17,852.0","20,608.0","20,676.0","15,732.0","14,388.0","14,840.0","14,856.0","13,752.0","13,236.0","13,496.0","12,708.0","12,776.0","11,676.0","11,188.0","10,780.0","10,676.0","9,948.0","9,464.0","10,288.0","9,788.0","9,784.0","10,312.0","10,980.0","10,764.0","11,244.0","11,256.0","11,420.0","10,948.0","11,844.0","12,616.0","11,688.0","11,420.0","12,744.0","12,888.0","12,664.0","13,244.0","14,256.0","13,176.0","13,048.0","13,528.0","14,084.0","13,232.0","13,912.0","13,668.0","14,700.0","17,060.0","17,436.0","18,532.0","19,820.0","20,616.0","22,872.0","24,648.0","25,556.0","28,108.0","28,396.0","29,596.0","29,732.0","29,472.0","30,176.0","29,916.0","30,164.0","30,044.0","30,892.0","30,936.0","31,936.0","30,364.0","27,524.0","28,188.0","27,988.0","27,968.0","28,248.0","28,112.0","28,224.0","28,660.0","29,580.0","30,648.0","30,912.0","30,756.0","30,884.0","30,360.0","30,436.0","29,884.0","29,836.0","29,636.0","29,576.0"
"61","42","  Travel","B768RC1","3,284.0","3,336.0","3,400.0","3,472.0","3,784.0","4,020.0","4,040.0","4,076.0","4,332.0","4,312.0","4,236.0","4,612.0","4,928.0","4,924.0","5,000.0","5,316.0","5,352.0","5,576.0","5,500.0","5,676.0","5,780.0","5,996.0","5,936.0","6,208.0","6,192.0","6,116.0","6,508.0","6,852.0","6,728.0","6,632.0","6,860.0","7,204.0","7,328.0","7,516.0","7,320.0","7,640.0","8,032.0","8,112.0","8,924.0","8,832.0","8,920.0","9,508.0","9,524.0","9,700.0","10,412.0","9,924.0","10,444.0","10,808.0","11,652.0","11,044.0","11,576.0","11,644.0","12,296.0","12,660.0","11,780.0","12,840.0","11,864.0","13,036.0","14,004.0","13,696.0","21,868.0","22,816.0","23,968.0","23,000.0","24,420.0","25,496.0","25,092.0","23,228.0","26,264.0","22,920.0","26,928.0","27,536.0","28,376.0","29,440.0","28,748.0","30,672.0","31,960.0","30,768.0","32,324.0","33,404.0","32,616.0","32,332.0","33,616.0","35,108.0","36,788.0","37,960.0","37,540.0","37,112.0","33,736.0","36,260.0","35,264.0","36,028.0","37,900.0","38,300.0","38,576.0","39,432.0","39,320.0","39,308.0","40,180.0","44,044.0","43,516.0","43,528.0","44,180.0","43,904.0","43,928.0","45,208.0","44,336.0","46,200.0","47,796.0","46,908.0","48,560.0","49,048.0","51,580.0","51,360.0","52,600.0","52,664.0","54,700.0","56,524.0","56,784.0","57,924.0","57,172.0","58,336.0","59,220.0","61,124.0","65,088.0","64,556.0","64,332.0","64,844.0","63,540.0","66,900.0","58,444.0","51,916.0","58,172.0","58,040.0","57,956.0","60,692.0","57,972.0","51,956.0","58,552.0","61,308.0","63,408.0","65,820.0","66,424.0","67,348.0","68,752.0","70,032.0","68,624.0","68,472.0","70,496.0","71,824.0","72,084.0","74,012.0","74,108.0","75,300.0","76,956.0","78,960.0","82,572.0","80,924.0","79,792.0","78,688.0","76,392.0","71,328.0","74,180.0","74,572.0","76,340.0","73,164.0","76,308.0","76,216.0","75,768.0","77,760.0","78,784.0"
"62","43","  Passenger fares","B769RC1","1,020.0","1,056.0","1,108.0","1,136.0","1,168.0","1,172.0","1,280.0","1,240.0","1,100.0","1,328.0","1,260.0","1,472.0","1,508.0","1,580.0","1,604.0","1,692.0","1,860.0","1,796.0","1,756.0","1,748.0","1,928.0","2,016.0","2,052.0","2,384.0","2,276.0","2,104.0","2,296.0","2,376.0","2,536.0","2,452.0","2,580.0","2,704.0","2,704.0","2,760.0","2,692.0","2,836.0","2,924.0","2,840.0","2,920.0","2,900.0","3,040.0","3,176.0","3,208.0","3,312.0","3,360.0","3,564.0","3,804.0","3,700.0","4,508.0","4,400.0","4,476.0","4,564.0","4,932.0","4,732.0","4,592.0","4,832.0","5,344.0","6,068.0","6,168.0","6,436.0","5,256.0","5,980.0","5,724.0","5,976.0","5,944.0","6,968.0","6,640.0","6,224.0","6,628.0","6,112.0","6,544.0","6,732.0","6,964.0","7,284.0","7,344.0","7,544.0","7,728.0","7,668.0","7,512.0","8,012.0","8,236.0","8,240.0","8,360.0","8,160.0","10,024.0","10,676.0","10,908.0","10,508.0","9,192.0","10,108.0","10,064.0","10,688.0","10,504.0","10,316.0","10,516.0","11,076.0","10,864.0","11,016.0","11,624.0","12,136.0","12,716.0","12,908.0","13,392.0","13,232.0","13,616.0","14,620.0","14,980.0","15,444.0","15,468.0","15,576.0","16,008.0","16,184.0","17,224.0","18,516.0","18,920.0","17,892.0","18,600.0","19,924.0","20,556.0","20,804.0","20,748.0","20,968.0","21,384.0","22,160.0","23,216.0","24,544.0","24,968.0","24,368.0","23,192.0","24,544.0","23,580.0","19,216.0","19,496.0","19,496.0","19,316.0","21,568.0","20,044.0","19,552.0","22,104.0","22,256.0","23,200.0","25,372.0","25,284.0","25,016.0","25,028.0","25,684.0","26,980.0","26,904.0","26,992.0","27,712.0","27,560.0","27,740.0","26,908.0","27,936.0","29,656.0","29,248.0","30,148.0","31,680.0","32,908.0","32,628.0","25,632.0","24,096.0","25,316.0","25,504.0","24,912.0","27,080.0","28,088.0","29,036.0","30,208.0","30,804.0","31,756.0"
"63","44","  Other transportation","B770RC1","2,073.0","2,524.0","2,528.0","2,699.0","2,544.0","2,890.0","3,072.0","2,866.0","3,076.0","3,232.0","3,296.0","2,915.0","3,489.0","3,360.0","3,452.0","3,779.0","4,422.0","4,538.0","4,812.0","5,004.0","5,326.0","5,865.0","6,055.0","6,519.0","5,900.0","5,410.0","5,580.0","5,942.0","6,460.0","6,584.0","7,014.0","7,349.0","7,592.0","8,087.0","8,064.0","8,146.0","8,580.0","8,862.0","9,285.0","9,768.0","9,882.0","10,518.0","11,312.0","11,912.0","12,221.0","11,992.0","11,253.0","11,695.0","12,477.0","12,758.0","12,497.0","12,164.0","12,064.0","11,932.0","11,492.0","11,356.0","11,524.0","11,460.0","12,632.0","13,284.0","14,204.0","14,656.0","15,132.0","15,396.0","15,040.0","15,512.0","15,272.0","16,744.0","17,516.0","17,068.0","18,324.0","18,156.0","16,832.0","18,832.0","19,344.0","21,032.0","21,112.0","21,224.0","20,764.0","20,464.0","21,496.0","21,960.0","22,616.0","22,608.0","24,096.0","24,248.0","25,236.0","26,288.0","24,492.0","25,048.0","25,412.0","24,956.0","23,608.0","23,180.0","24,296.0","23,996.0","24,120.0","24,864.0","24,308.0","24,812.0","24,700.0","25,756.0","27,108.0","26,516.0","27,016.0","27,124.0","27,444.0","26,556.0","26,108.0","27,964.0","27,968.0","27,584.0","28,484.0","28,900.0","28,452.0","30,008.0","29,616.0","29,824.0","30,268.0","31,748.0","31,140.0","32,748.0","35,816.0","36,868.0","38,896.0","40,668.0","43,184.0","42,964.0","41,788.0","40,056.0","36,576.0","36,320.0","35,424.0","38,192.0","39,008.0","41,020.0","43,164.0","44,356.0","45,176.0","46,124.0","51,652.0","52,624.0","54,448.0","57,924.0","61,600.0","60,980.0","60,600.0","64,568.0","63,736.0","65,288.0","66,352.0","65,896.0","52,960.0","54,840.0","54,018.0","52,234.0","55,132.0","57,260.0","59,349.0","55,041.0","45,704.0","41,575.0","40,898.0","42,189.0","47,675.0","52,072.0","54,400.0","50,663.0","53,804.0","55,560.0","54,583.0"
"64","45","  Royalties and license fees","B908RC1","220.0","212.0","216.0","244.0","220.0","236.0","220.0","224.0","224.0","224.0","248.0","268.0","276.0","292.0","280.0","324.0","384.0","368.0","368.0","420.0","472.0","460.0","448.0","444.0","616.0","628.0","512.0","576.0","644.0","636.0","532.0","560.0","620.0","580.0","584.0","688.0","796.0","760.0","788.0","820.0","924.0","940.0","920.0","1,060.0","852.0","676.0","624.0","1,260.0","1,024.0","528.0","840.0","824.0","760.0","792.0","788.0","840.0","824.0","912.0","960.0","1,080.0","1,100.0","1,080.0","1,224.0","1,276.0","1,132.0","1,120.0","1,256.0","1,180.0","1,308.0","1,452.0","1,452.0","1,392.0","1,568.0","1,896.0","1,856.0","2,108.0","2,464.0","2,576.0","2,688.0","2,684.0","2,488.0","2,588.0","2,324.0","2,712.0","2,928.0","2,840.0","3,188.0","3,584.0","3,664.0","4,132.0","4,244.0","4,100.0","5,568.0","4,548.0","5,988.0","4,536.0","4,572.0","5,032.0","5,200.0","5,324.0","6,448.0","5,248.0","5,684.0","6,032.0","6,276.0","6,616.0","7,092.0","7,692.0","7,176.0","7,248.0","9,164.0","7,764.0","8,832.0","8,744.0","9,740.0","9,328.0","10,920.0","10,636.0","11,344.0","12,044.0","12,384.0","12,908.0","13,212.0","13,920.0","15,032.0","15,360.0","18,520.0","16,960.0","16,460.0","16,260.0","16,332.0","17,096.0","19,572.0","18,984.0","20,084.0","18,764.0","17,996.0","18,468.0","19,688.0","19,980.0","21,128.0","22,296.0","24,812.0","24,824.0","23,352.0","24,564.0","26,084.0","24,448.0","23,956.0","22,288.0","22,180.0","25,648.0","25,956.0","25,368.0","24,672.0","23,728.0","28,924.0","28,304.0","33,056.0","28,208.0","28,124.0","29,980.0","29,628.0","31,660.0","35,992.0","31,664.0","32,708.0","33,436.0","33,920.0","34,448.0","34,986.0"
"65","46","  Other private services","B909RC1","552.0","572.0","572.0","580.0","588.0","636.0","652.0","644.0","704.0","732.0","756.0","748.0","776.0","800.0","768.0","800.0","872.0","884.0","896.0","964.0","1,884.0","1,908.0","1,908.0","1,968.0","2,120.0","2,280.0","2,352.0","2,468.0","2,660.0","2,784.0","3,040.0","3,144.0","3,164.0","3,168.0","3,184.0","3,368.0","3,720.0","3,896.0","3,988.0","4,180.0","4,428.0","4,572.0","4,588.0","4,808.0","4,736.0","5,164.0","5,332.0","5,308.0","6,036.0","6,256.0","6,332.0","6,716.0","7,114.0","7,434.0","7,558.0","7,638.0","6,987.0","7,267.0","7,395.0","7,411.0","7,611.0","7,807.0","8,191.0","9,259.0","8,697.0","8,729.0","9,505.0","10,477.0","12,489.0","13,718.0","14,301.0","14,808.0","16,204.0","17,297.0","17,696.0","18,110.0","18,198.0","18,288.0","18,467.0","18,844.0","19,095.0","19,437.0","20,534.0","20,653.0","21,958.0","22,740.0","24,018.0","24,432.0","26,691.0","26,614.0","26,243.0","27,784.0","24,648.0","25,216.0","25,752.0","25,904.0","26,100.0","27,428.0","28,300.0","29,212.0","30,560.0","31,424.0","31,472.0","32,812.0","33,812.0","34,488.0","36,132.0","36,352.0","38,204.0","39,340.0","39,636.0","41,540.0","41,416.0","42,264.0","43,868.0","45,064.0","45,004.0","47,512.0","48,380.0","49,472.0","53,948.0","56,032.0","56,328.0","55,736.0","58,840.0","59,452.0","61,352.0","62,440.0","63,896.0","65,980.0","66,916.0","67,284.0","70,864.0","70,204.0","72,836.0","76,516.0","77,648.0","77,316.0","79,432.0","84,656.0","86,740.0","88,408.0","89,252.0","96,608.0","91,784.0","95,696.0","99,336.0","104,460.0","120,508.0","124,604.0","125,968.0","130,832.0","143,380.0","148,384.0","156,536.0","159,272.0","163,816.0","170,112.0","176,748.0","179,496.0","167,892.0","172,656.0","176,924.0","179,828.0","174,808.0","180,180.0","185,060.0","182,340.0","185,070.0","186,282.0","186,893.0"
"66","47","  Other","B910RC1","1,092.0","1,108.0","1,120.0","1,164.0","1,152.0","1,148.0","1,144.0","1,184.0","1,144.0","1,204.0","1,232.0","1,236.0","1,216.0","1,272.0","1,280.0","1,276.0","1,332.0","1,344.0","1,440.0","1,436.0","1,480.0","1,556.0","1,552.0","1,504.0","1,580.0","1,704.0","1,652.0","1,696.0","1,744.0","1,840.0","1,952.0","1,848.0","1,932.0","1,932.0","1,956.0","2,100.0","2,176.0","2,228.0","2,256.0","2,368.0","2,448.0","2,564.0","2,632.0","2,476.0","2,536.0","2,536.0","2,820.0","2,608.0","2,732.0","2,816.0","2,848.0","2,808.0","2,872.0","3,049.0","3,292.0","3,087.0","3,291.0","3,450.0","3,207.0","3,195.0","3,273.0","3,377.0","3,439.0","3,492.0","3,703.0","3,641.0","3,670.0","3,610.0","3,772.0","3,580.0","3,846.0","3,674.0","3,753.0","4,094.0","4,380.0","4,600.0","4,441.0","4,423.0","4,569.0","4,476.0","4,453.0","4,487.0","4,642.0","4,947.0","4,573.0","4,852.0","5,077.0","4,930.0","4,899.0","5,004.0","5,618.0","5,419.0","5,269.0","5,757.0","5,629.0","5,601.0","5,761.0","5,712.0","5,854.0","5,409.0","5,884.0","5,998.0","6,307.0","6,255.0","6,499.0","6,244.0","6,356.0","6,289.0","6,477.0","6,554.0","6,768.0","6,785.0","6,798.0","6,960.0","7,095.0","6,942.0","6,908.0","6,906.0","7,327.0","7,291.0","7,113.0","7,140.0","7,617.0","7,446.0","7,723.0","7,879.0","8,074.0","8,011.0","8,098.0","8,140.0","8,160.0","8,099.0","8,204.0","8,131.0","8,148.0","8,209.0","8,399.0","8,551.0","8,729.0","8,937.0","9,452.0","9,769.0","9,986.0","10,022.0","10,249.0","10,098.0","10,354.0","10,293.0","10,335.0","10,462.0","10,556.0","10,511.0","10,780.0","10,889.0","11,142.0","11,187.0","10,524.0","10,596.0","10,599.0","10,796.0","10,644.0","10,544.0","10,771.0","11,318.0","10,689.0","10,808.0","11,229.0","11,138.0","10,654.0","10,566.0","10,630.0"
"67",NA,"Addenda:"," ",NA,NA,NA,NA,NA,NA,NA,NA,NA,NA,NA,NA,NA,NA,NA,NA,NA,NA,NA,NA,NA,NA,NA,NA,NA,NA,NA,NA,NA,NA,NA,NA,NA,NA,NA,NA,NA,NA,NA,NA,NA,NA,NA,NA,NA,NA,NA,NA,NA,NA,NA,NA,NA,NA,NA,NA,NA,NA,NA,NA,NA,NA,NA,NA,NA,NA,NA,NA,NA,NA,NA,NA,NA,NA,NA,NA,NA,NA,NA,NA,NA,NA,NA,NA,NA,NA,NA,NA,NA,NA,NA,NA,NA,NA,NA,NA,NA,NA,NA,NA,NA,NA,NA,NA,NA,NA,NA,NA,NA,NA,NA,NA,NA,NA,NA,NA,NA,NA,NA,NA,NA,NA,NA,NA,NA,NA,NA,NA,NA,NA,NA,NA,NA,NA,NA,NA,NA,NA,NA,NA,NA,NA,NA,NA,NA,NA,NA,NA,NA,NA,NA,NA,NA,NA,NA,NA,NA,NA,NA,NA,NA,NA,NA,NA,NA,NA,NA,NA,NA,NA,NA
"68","48","  Exports of durable goods","A332RC1","20,458.0","23,998.0","24,532.0","25,754.0","26,268.0","27,988.0","27,216.0","27,002.0","27,730.0","27,798.0","28,204.0","26,460.0","29,992.0","29,738.0","31,188.0","33,244.0","36,880.0","40,318.0","42,434.0","45,816.0","50,752.0","55,828.0","57,168.0","62,096.0","62,032.0","63,770.0","63,488.0","65,934.0","66,432.0","68,220.0","69,740.0","71,784.0","70,400.0","72,770.0","73,126.0","71,870.0","74,295.0","84,168.0","85,944.0","96,634.0","101,232.0","104,205.0","107,732.0","118,903.0","131,038.0","133,568.0","130,792.0","137,904.0","138,689.0","145,706.0","138,049.0","138,017.0","129,312.0","130,373.0","124,681.0","114,333.0","116,282.0","118,988.0","118,748.0","127,526.0","127,766.0","130,908.0","133,423.0","137,409.0","136,568.0","139,949.0","135,423.0","137,047.0","137,373.0","143,053.0","141,210.0","148,834.0","148,481.0","156,718.0","165,155.0","181,391.0","195,327.0","206,759.0","209,645.0","223,386.0","229,616.0","240,014.0","243,585.0","246,001.0","259,274.0","261,130.0","264,385.0","263,102.0","269,321.0","282,020.0","287,849.0","289,927.0","296,557.0","293,822.0","303,092.0","308,579.0","306,929.0","311,670.0","310,895.0","326,388.0","331,009.0","342,113.0","359,024.0","366,313.0","379,690.0","387,595.0","401,194.0","407,600.0","411,276.0","416,090.0","420,161.0","437,039.0","457,124.0","481,639.0","497,726.0","492,789.0","494,194.0","478,032.0","477,230.0","496,756.0","487,189.0","490,345.0","507,840.0","527,696.0","542,839.0","566,421.0","587,649.0","580,026.0","570,271.0","535,909.0","498,614.0","479,692.0","475,964.0","494,613.0","499,499.0","484,114.0","481,844.0","486,701.0","494,469.0","526,326.0","541,090.0","557,506.0","568,978.0","577,238.0","596,057.0","618,284.0","627,196.0","657,895.0","685,651.0","703,271.0","709,408.0","738,044.0","753,110.0","770,977.0","791,344.0","810,899.0","825,818.0","864,982.0","866,201.0","760,468.0","651,384.0","630,595.0","673,782.0","731,300.0","754,962.0","797,239.0","814,255.0","836,430.0","869,123.0","892,951.0","916,595.0"
"69","49","  Exports of nondurable goods","A339RC1","11,182.0","15,950.0","14,952.0","16,218.0","16,756.0","17,040.0","17,548.0","18,362.0","18,138.0","17,926.0","20,244.0","15,728.0","19,704.0","19,130.0","20,636.0","23,544.0","27,480.0","30,618.0","33,182.0","38,968.0","42,300.0","44,784.0","44,080.0","46,916.0","50,004.0","42,174.0","43,660.0","47,454.0","47,084.0","48,048.0","49,244.0","50,528.0","50,928.0","53,406.0","53,006.0","49,102.0","50,732.0","61,935.0","63,327.0","64,560.0","65,760.0","71,519.0","80,307.0","86,511.0","86,785.0","90,624.0","96,104.0","96,303.0","103,503.0","96,295.0","96,127.0","100,000.0","95,539.0","95,579.0","86,917.0","83,271.0","84,427.0","83,806.0","88,649.0","90,754.0","90,501.0","93,722.0","94,942.0","93,826.0","89,097.0","83,552.0","81,972.0","85,361.0","83,151.0","79,987.0","83,293.0","87,103.0","85,839.0","91,932.0","99,013.0","101,658.0","109,258.0","114,676.0","122,002.0","122,086.0","125,188.0","134,764.0","128,786.0","129,454.0","131,430.0","133,455.0","133,788.0","139,980.0","145,159.0","139,269.0","138,073.0","142,635.0","144,373.0","147,743.0","149,646.0","147,988.0","145,261.0","146,790.0","143,468.0","148,328.0","146,583.0","154,316.0","165,013.0","175,876.0","182,532.0","188,024.0","194,397.0","192,078.0","196,890.0","195,853.0","195,283.0","200,730.0","201,143.0","205,407.0","206,937.0","208,003.0","200,256.0","194,802.0","189,521.0","192,642.0","186,327.0","190,165.0","196,045.0","203,160.0","206,687.0","210,652.0","223,204.0","219,891.0","218,659.0","213,867.0","205,838.0","202,055.0","203,512.0","211,658.0","216,098.0","215,790.0","227,202.0","223,899.0","229,030.0","237,855.0","245,999.0","253,807.0","255,145.0","268,163.0","275,569.0","287,728.0","280,157.0","281,457.0","299,442.0","313,190.0","321,220.0","327,332.0","352,257.0","367,368.0","387,932.0","414,241.0","453,296.0","498,735.0","508,324.0","412,116.0","362,084.0","380,681.0","401,053.0","427,794.0","453,723.0","462,428.0","474,683.0","517,377.0","561,857.0","580,587.0","579,957.0"
"70","50","  Exports of agricultural goods \2\","B181RC1","4,096.0","7,072.0","6,280.0","6,932.0","6,772.0","7,132.0","7,512.0","8,080.0","7,952.0","7,632.0","8,556.0","7,184.0","8,592.0","8,596.0","9,412.0","11,456.0","14,788.0","16,852.0","18,296.0","21,972.0","22,924.0","22,984.0","20,752.0","22,980.0","25,060.0","19,592.0","21,252.0","23,068.0","22,360.0","23,060.0","23,860.0","24,240.0","24,848.0","26,060.0","23,536.0","22,884.0","24,892.0","32,346.0","32,085.0","30,260.0","28,971.0","32,961.0","38,587.0","41,337.0","38,942.0","40,227.0","44,699.0","44,304.0","48,192.0","43,590.0","41,792.0","42,803.0","39,466.0","41,560.0","35,062.0","32,945.0","34,952.0","35,206.0","39,346.0","39,033.0","39,202.0","38,246.0","38,449.0","37,824.0","32,753.0","29,036.0","27,447.0","29,284.0","28,024.0","25,098.0","26,754.0","28,818.0","25,541.0","27,807.0","32,959.0","31,794.0","35,419.0","37,193.0","40,857.0","39,643.0","40,864.0","43,122.0","40,203.0","40,132.0","42,354.0","41,755.0","40,042.0","36,716.0","39,241.0","38,581.0","40,380.0","42,220.0","42,880.0","43,412.0","45,459.0","44,541.0","43,549.0","44,227.0","42,618.0","44,015.0","43,460.0","44,946.0","47,547.0","52,433.0","54,951.0","55,528.0","59,739.0","58,745.0","63,343.0","62,669.0","60,558.0","59,509.0","57,980.0","58,359.0","58,353.0","59,182.0","56,453.0","53,096.0","49,707.0","53,367.0","47,289.0","49,253.0","52,183.0","49,892.0","51,466.0","52,366.0","54,707.0","52,668.0","54,299.0","54,647.0","55,622.0","54,991.0","54,384.0","54,415.0","55,040.0","54,209.0","57,335.0","58,312.0","62,248.0","65,645.0","64,152.0","63,128.0","60,530.0","63,964.0","63,112.0","65,999.0","64,198.0","66,241.0","69,872.0","72,042.0","73,471.0","76,095.0","80,609.0","84,935.0","97,202.0","105,709.0","116,948.0","126,555.0","125,872.0","102,496.0","93,531.0","102,343.0","100,219.0","107,820.0","115,189.0","108,561.0","116,094.0","136,029.0","148,584.0","143,260.0","132,302.0"
"71","51","  Exports of nonagricultural goods","A182RC1","27,544.0","32,876.0","33,204.0","35,040.0","36,252.0","37,896.0","37,252.0","37,284.0","37,916.0","38,092.0","39,892.0","35,004.0","41,104.0","40,272.0","42,412.0","45,332.0","49,572.0","54,084.0","57,320.0","62,812.0","70,128.0","77,628.0","80,496.0","86,032.0","86,976.0","86,352.0","85,896.0","90,320.0","91,156.0","93,208.0","95,124.0","98,072.0","96,480.0","100,116.0","102,596.0","98,088.0","100,135.0","113,757.0","117,186.0","130,934.0","138,021.0","142,763.0","149,452.0","164,077.0","178,881.0","183,965.0","182,197.0","189,903.0","194,000.0","198,411.0","192,384.0","195,214.0","185,385.0","184,392.0","176,536.0","164,659.0","165,757.0","167,588.0","168,051.0","179,247.0","179,065.0","186,384.0","189,916.0","193,411.0","192,912.0","194,465.0","189,948.0","193,124.0","192,500.0","197,942.0","197,749.0","207,119.0","208,779.0","220,843.0","231,209.0","251,255.0","269,166.0","284,242.0","290,790.0","305,829.0","313,940.0","331,656.0","332,168.0","335,323.0","348,350.0","352,830.0","358,131.0","366,366.0","375,239.0","382,708.0","385,542.0","390,342.0","398,050.0","398,153.0","407,279.0","412,026.0","408,641.0","414,233.0","411,745.0","430,701.0","434,132.0","451,483.0","476,490.0","489,756.0","507,271.0","520,091.0","535,852.0","540,933.0","544,823.0","549,274.0","554,886.0","578,260.0","600,287.0","628,687.0","646,310.0","641,610.0","637,997.0","619,738.0","617,044.0","636,031.0","626,227.0","631,257.0","651,702.0","680,964.0","698,060.0","724,707.0","756,146.0","747,249.0","734,631.0","695,129.0","648,830.0","626,756.0","625,092.0","651,856.0","660,557.0","645,695.0","651,711.0","652,288.0","661,251.0","698,536.0","722,937.0","748,185.0","763,593.0","781,437.0","808,514.0","840,013.0","843,155.0","873,111.0","915,221.0","944,419.0","957,157.0","989,281.0","1,024,758.0","1,053,410.0","1,082,074.0","1,119,431.0","1,162,166.0","1,237,162.0","1,248,653.0","1,070,088.0","919,937.0","908,933.0","974,616.0","1,051,274.0","1,093,496.0","1,151,106.0","1,172,844.0","1,217,778.0","1,282,396.0","1,330,278.0","1,364,250.0"
"72","52","  Imports of durable goods","A333RC1","17,264.0","22,168.0","21,818.0","21,778.0","21,658.0","22,418.0","23,088.0","23,936.0","25,048.0","27,200.0","27,430.0","26,730.0","32,016.0","31,938.0","33,096.0","36,110.0","38,926.0","40,444.0","41,170.0","42,672.0","44,458.0","49,908.0","53,572.0","53,346.0","47,748.0","43,104.0","44,838.0","46,866.0","52,304.0","55,636.0","58,892.0","60,424.0","62,898.0","68,077.0","70,601.0","75,198.0","82,646.0","88,504.0","90,817.0","94,136.0","95,568.0","99,784.0","99,710.0","106,727.0","114,440.0","109,693.0","107,432.0","116,164.0","119,195.0","126,281.0","125,502.0","133,217.0","129,965.0","129,174.0","125,373.0","116,006.0","132,818.0","139,324.0","149,642.0","167,508.0","181,574.0","192,053.0","196,808.0","199,321.0","195,689.0","202,111.0","204,566.0","214,294.0","221,517.0","239,083.0","245,327.0","249,250.0","250,291.0","261,554.0","264,829.0","280,059.0","284,282.0","289,534.0","293,799.0","311,496.0","312,446.0","314,913.0","304,661.0","309,113.0","309,080.0","315,475.0","316,855.0","316,688.0","309,867.0","308,347.0","318,200.0","325,682.0","334,638.0","342,300.0","350,983.0","358,880.0","370,375.0","380,258.0","387,425.0","407,530.0","419,478.0","444,838.0","462,162.0","489,701.0","501,114.0","514,643.0","512,371.0","514,903.0","525,064.0","529,709.0","539,093.0","539,713.0","563,406.0","582,352.0","600,502.0","607,850.0","624,949.0","633,420.0","631,182.0","661,347.0","677,274.0","703,715.0","730,629.0","754,989.0","790,332.0","819,064.0","845,116.0","839,879.0","809,934.0","761,821.0","738,504.0","723,013.0","743,767.0","777,031.0","788,320.0","789,072.0","780,374.0","795,423.0","800,386.0","850,344.0","874,018.0","930,554.0","954,701.0","985,829.0","998,618.0","1,018,591.0","1,025,624.0","1,058,591.0","1,105,204.0","1,120,974.0","1,138,208.0","1,156,488.0","1,163,421.0","1,167,169.0","1,186,283.0","1,173,285.0","1,193,078.0","1,218,469.0","1,187,956.0","1,048,646.0","867,923.0","827,840.0","896,731.0","979,143.0","1,022,514.0","1,102,484.0","1,137,402.0","1,160,584.0","1,214,211.0","1,223,715.0","1,245,594.0"
"73","53","  Imports of nondurable goods","A340RC1","13,508.0","16,948.0","16,718.0","17,050.0","17,690.0","17,650.0","18,092.0","18,888.0","18,328.0","20,240.0","22,210.0","19,014.0","23,076.0","22,154.0","24,192.0","25,154.0","27,534.0","29,596.0","30,930.0","36,100.0","44,374.0","56,480.0","57,028.0","58,914.0","53,188.0","49,160.0","53,934.0","57,162.0","61,236.0","65,688.0","70,028.0","74,320.0","84,726.0","85,073.0","82,569.0","81,374.0","87,688.0","86,629.0","88,589.0","90,630.0","96,613.0","104,291.0","117,065.0","131,389.0","145,215.0","138,774.0","126,714.0","135,848.0","150,990.0","145,492.0","134,990.0","135,589.0","127,658.0","116,670.0","131,831.0","125,489.0","109,690.0","123,437.0","136,209.0","132,081.0","140,880.0","145,870.0","143,048.0","145,709.0","129,699.0","142,314.0","135,954.0","148,551.0","136,188.0","126,017.0","129,432.0","133,210.0","139,246.0","147,509.0","157,969.0","157,620.0","157,204.0","156,145.0","157,322.0","158,718.0","169,540.0","175,800.0","172,786.0","179,907.0","201,296.0","180,328.0","189,428.0","203,132.0","187,100.0","182,676.0","182,236.0","188,773.0","188,832.0","195,582.0","202,877.0","205,615.0","205,490.0","209,887.0","204,684.0","205,394.0","207,745.0","217,184.0","233,498.0","232,643.0","244,350.0","249,612.0","247,348.0","245,453.0","259,462.0","268,688.0","275,316.0","292,746.0","298,053.0","289,607.0","297,867.0","302,980.0","295,851.0","293,456.0","291,316.0","291,482.0","298,191.0","317,073.0","343,269.0","365,611.0","398,554.0","408,567.0","435,398.0","449,090.0","451,657.0","422,937.0","400,965.0","377,882.0","375,380.0","415,401.0","430,923.0","455,605.0","487,629.0","475,584.0","481,225.0","486,065.0","527,069.0","552,447.0","566,679.0","615,354.0","630,233.0","653,089.0","694,367.0","752,807.0","737,687.0","763,337.0","786,836.0","730,979.0","775,363.0","810,804.0","826,437.0","900,223.0","969,173.0","1,043,415.0","1,082,015.0","842,639.0","653,792.0","650,390.0","711,649.0","761,532.0","821,535.0","837,213.0","845,257.0","862,235.0","961,954.0","1,033,621.0","1,004,655.0"
"74","54","  Imports of nonpetroleum goods","A187RC1","28,296.0","36,412.0","35,928.0","36,020.0","36,388.0","37,216.0","38,420.0","39,688.0","40,544.0","43,948.0","45,668.0","41,440.0","50,816.0","49,748.0","52,480.0","56,092.0","60,324.0","62,640.0","63,752.0","66,996.0","70,200.0","77,256.0","81,720.0","82,472.0","74,036.0","67,544.0","71,476.0","74,872.0","82,848.0","87,940.0","93,344.0","96,108.0","99,640.0","108,010.0","108,998.0","113,940.0","126,928.0","134,839.0","136,015.0","141,644.0","144,721.0","151,673.0","150,258.0","162,777.0","171,977.0","166,852.0","162,744.0","174,652.0","182,731.0","189,586.0","187,391.0","198,056.0","190,711.0","192,840.0","190,760.0","180,049.0","198,786.0","208,242.0","220,751.0","242,579.0","264,377.0","278,216.0","283,291.0","287,177.0","281,303.0","289,768.0","291,018.0","305,552.0","315,931.0","333,825.0","343,084.0","350,070.0","353,986.0","368,661.0","372,354.0","392,301.0","401,270.0","404,370.0","411,837.0","432,496.0","433,622.0","437,984.0","428,000.0","435,911.0","441,049.0","446,314.0","448,031.0","447,705.0","439,679.0","440,710.0","450,348.0","465,185.0","476,755.0","487,533.0","499,349.0","509,753.0","519,805.0","535,355.0","544,367.0","565,588.0","581,420.0","612,853.0","637,131.0","670,743.0","688,408.0","707,403.0","704,492.0","705,376.0","720,836.0","727,386.0","741,205.0","749,379.0","778,003.0","804,019.0","831,339.0","842,173.0","862,398.0","875,468.0","875,216.0","906,307.0","929,771.0","959,260.0","997,999.0","1,032,495.0","1,071,806.0","1,115,055.0","1,159,845.0","1,158,178.0","1,136,317.0","1,076,186.0","1,042,325.0","1,017,537.0","1,037,733.0","1,088,388.0","1,112,381.0","1,123,031.0","1,125,898.0","1,145,065.0","1,150,416.0","1,203,334.0","1,240,301.0","1,316,460.0","1,343,461.0","1,384,590.0","1,414,675.0","1,441,576.0","1,453,243.0","1,515,004.0","1,551,451.0","1,571,454.0","1,593,272.0","1,613,815.0","1,641,961.0","1,651,477.0","1,667,762.0","1,655,033.0","1,693,252.0","1,741,690.0","1,715,768.0","1,530,169.0","1,301,599.0","1,238,006.0","1,316,107.0","1,422,462.0","1,491,093.0","1,583,417.0","1,635,034.0","1,664,853.0","1,730,689.0","1,777,535.0","1,793,553.0"
"75",NA,NA,NA,NA,NA,NA,NA,NA,NA,NA,NA,NA,NA,NA,NA,NA,NA,NA,NA,NA,NA,NA,NA,NA,NA,NA,NA,NA,NA,NA,NA,NA,NA,NA,NA,NA,NA,NA,NA,NA,NA,NA,NA,NA,NA,NA,NA,NA,NA,NA,NA,NA,NA,NA,NA,NA,NA,NA,NA,NA,NA,NA,NA,NA,NA,NA,NA,NA,NA,NA,NA,NA,NA,NA,NA,NA,NA,NA,NA,NA,NA,NA,NA,NA,NA,NA,NA,NA,NA,NA,NA,NA,NA,NA,NA,NA,NA,NA,NA,NA,NA,NA,NA,NA,NA,NA,NA,NA,NA,NA,NA,NA,NA,NA,NA,NA,NA,NA,NA,NA,NA,NA,NA,NA,NA,NA,NA,NA,NA,NA,NA,NA,NA,NA,NA,NA,NA,NA,NA,NA,NA,NA,NA,NA,NA,NA,NA,NA,NA,NA,NA,NA,NA,NA,NA,NA,NA,NA,NA,NA,NA,NA,NA,NA,NA,NA,NA,NA,NA,NA,NA,NA,NA,NA
"76","1. Exports and imports of certain goods, primarily military equipment purchased and sold by the federal government, are included ",NA,NA,NA,NA,NA,NA,NA,NA,NA,NA,NA,NA,NA,NA,NA,NA,NA,NA,NA,NA,NA,NA,NA,NA,NA,NA,NA,NA,NA,NA,NA,NA,NA,NA,NA,NA,NA,NA,NA,NA,NA,NA,NA,NA,NA,NA,NA,NA,NA,NA,NA,NA,NA,NA,NA,NA,NA,NA,NA,NA,NA,NA,NA,NA,NA,NA,NA,NA,NA,NA,NA,NA,NA,NA,NA,NA,NA,NA,NA,NA,NA,NA,NA,NA,NA,NA,NA,NA,NA,NA,NA,NA,NA,NA,NA,NA,NA,NA,NA,NA,NA,NA,NA,NA,NA,NA,NA,NA,NA,NA,NA,NA,NA,NA,NA,NA,NA,NA,NA,NA,NA,NA,NA,NA,NA,NA,NA,NA,NA,NA,NA,NA,NA,NA,NA,NA,NA,NA,NA,NA,NA,NA,NA,NA,NA,NA,NA,NA,NA,NA,NA,NA,NA,NA,NA,NA,NA,NA,NA,NA,NA,NA,NA,NA,NA,NA,NA,NA,NA,NA,NA,NA,NA
"77","in services.",NA,NA,NA,NA,NA,NA,NA,NA,NA,NA,NA,NA,NA,NA,NA,NA,NA,NA,NA,NA,NA,NA,NA,NA,NA,NA,NA,NA,NA,NA,NA,NA,NA,NA,NA,NA,NA,NA,NA,NA,NA,NA,NA,NA,NA,NA,NA,NA,NA,NA,NA,NA,NA,NA,NA,NA,NA,NA,NA,NA,NA,NA,NA,NA,NA,NA,NA,NA,NA,NA,NA,NA,NA,NA,NA,NA,NA,NA,NA,NA,NA,NA,NA,NA,NA,NA,NA,NA,NA,NA,NA,NA,NA,NA,NA,NA,NA,NA,NA,NA,NA,NA,NA,NA,NA,NA,NA,NA,NA,NA,NA,NA,NA,NA,NA,NA,NA,NA,NA,NA,NA,NA,NA,NA,NA,NA,NA,NA,NA,NA,NA,NA,NA,NA,NA,NA,NA,NA,NA,NA,NA,NA,NA,NA,NA,NA,NA,NA,NA,NA,NA,NA,NA,NA,NA,NA,NA,NA,NA,NA,NA,NA,NA,NA,NA,NA,NA,NA,NA,NA,NA,NA,NA
"78","Beginning with 1986, repairs and alterations of equipment are reclassified from goods to services.",NA,NA,NA,NA,NA,NA,NA,NA,NA,NA,NA,NA,NA,NA,NA,NA,NA,NA,NA,NA,NA,NA,NA,NA,NA,NA,NA,NA,NA,NA,NA,NA,NA,NA,NA,NA,NA,NA,NA,NA,NA,NA,NA,NA,NA,NA,NA,NA,NA,NA,NA,NA,NA,NA,NA,NA,NA,NA,NA,NA,NA,NA,NA,NA,NA,NA,NA,NA,NA,NA,NA,NA,NA,NA,NA,NA,NA,NA,NA,NA,NA,NA,NA,NA,NA,NA,NA,NA,NA,NA,NA,NA,NA,NA,NA,NA,NA,NA,NA,NA,NA,NA,NA,NA,NA,NA,NA,NA,NA,NA,NA,NA,NA,NA,NA,NA,NA,NA,NA,NA,NA,NA,NA,NA,NA,NA,NA,NA,NA,NA,NA,NA,NA,NA,NA,NA,NA,NA,NA,NA,NA,NA,NA,NA,NA,NA,NA,NA,NA,NA,NA,NA,NA,NA,NA,NA,NA,NA,NA,NA,NA,NA,NA,NA,NA,NA,NA,NA,NA,NA,NA,NA,NA
"79","2. Includes parts of foods, feeds, and beverages, of nondurable industrial supplies and materials, and of nondurable ",NA,NA,NA,NA,NA,NA,NA,NA,NA,NA,NA,NA,NA,NA,NA,NA,NA,NA,NA,NA,NA,NA,NA,NA,NA,NA,NA,NA,NA,NA,NA,NA,NA,NA,NA,NA,NA,NA,NA,NA,NA,NA,NA,NA,NA,NA,NA,NA,NA,NA,NA,NA,NA,NA,NA,NA,NA,NA,NA,NA,NA,NA,NA,NA,NA,NA,NA,NA,NA,NA,NA,NA,NA,NA,NA,NA,NA,NA,NA,NA,NA,NA,NA,NA,NA,NA,NA,NA,NA,NA,NA,NA,NA,NA,NA,NA,NA,NA,NA,NA,NA,NA,NA,NA,NA,NA,NA,NA,NA,NA,NA,NA,NA,NA,NA,NA,NA,NA,NA,NA,NA,NA,NA,NA,NA,NA,NA,NA,NA,NA,NA,NA,NA,NA,NA,NA,NA,NA,NA,NA,NA,NA,NA,NA,NA,NA,NA,NA,NA,NA,NA,NA,NA,NA,NA,NA,NA,NA,NA,NA,NA,NA,NA,NA,NA,NA,NA,NA,NA,NA,NA,NA,NA
"80","nonautomotive consumer goods.",NA,NA,NA,NA,NA,NA,NA,NA,NA,NA,NA,NA,NA,NA,NA,NA,NA,NA,NA,NA,NA,NA,NA,NA,NA,NA,NA,NA,NA,NA,NA,NA,NA,NA,NA,NA,NA,NA,NA,NA,NA,NA,NA,NA,NA,NA,NA,NA,NA,NA,NA,NA,NA,NA,NA,NA,NA,NA,NA,NA,NA,NA,NA,NA,NA,NA,NA,NA,NA,NA,NA,NA,NA,NA,NA,NA,NA,NA,NA,NA,NA,NA,NA,NA,NA,NA,NA,NA,NA,NA,NA,NA,NA,NA,NA,NA,NA,NA,NA,NA,NA,NA,NA,NA,NA,NA,NA,NA,NA,NA,NA,NA,NA,NA,NA,NA,NA,NA,NA,NA,NA,NA,NA,NA,NA,NA,NA,NA,NA,NA,NA,NA,NA,NA,NA,NA,NA,NA,NA,NA,NA,NA,NA,NA,NA,NA,NA,NA,NA,NA,NA,NA,NA,NA,NA,NA,NA,NA,NA,NA,NA,NA,NA,NA,NA,NA,NA,NA,NA,NA,NA,NA,NA
